Step,Value
0,10.17117691040039
1,6.8638739585876465
2,6.206116676330566
3,33.434574127197266
4,450.38128662109375
5,14.421860694885254
6,0.0
7,26.252986907958984
8,17.146278381347656
9,19.662229537963867
10,453.7851867675781
11,0.0
12,0.0
13,10.601972579956055
14,459.6758117675781
15,7.687429428100586
16,0.0
17,1.2519588470458984
18,0.5066406726837158
19,9.753838539123535
20,3.559124708175659
21,0.0
22,13.3590726852417
23,35.176170349121094
24,0.0
25,7.353195667266846
26,11.995621681213379
27,8.266932487487793
28,125.97652435302734
29,11.074522018432617
30,5.886374473571777
31,6.795510292053223
32,0.0
33,446.8244934082031
34,0.0
35,116.0385513305664
36,169.8698272705078
37,53.37338638305664
38,441.9344177246094
39,12.632184028625488
40,7.795457363128662
41,0.0
42,0.0
43,12.667476654052734
44,9.035909652709961
45,133.46241760253906
46,22.46843910217285
47,57.1599006652832
48,14.854609489440918
49,0.0
50,7.424058437347412
51,6.880660057067871
52,8.930346488952637
53,7.915275573730469
54,22.521818161010742
55,0.0
56,0.0
57,104.138671875
58,462.9297180175781
59,19.444982528686523
60,0.0
61,13.51944351196289
62,8.795409202575684
63,0.0
64,5.824776649475098
65,0.0
66,0.0
67,44.45985794067383
68,95.7864990234375
69,8.987991333007812
70,13.39957332611084
71,64.8075180053711
72,16.258079528808594
73,0.0
74,0.0
75,86.00604248046875
76,432.1868896484375
77,19.44365882873535
78,39.93633270263672
79,40.15707778930664
80,49.993953704833984
81,0.0
82,5.392463207244873
83,5.394121170043945
84,3.714505195617676
85,23.359922409057617
86,34.406471252441406
87,10.740631103515625
88,11.21167278289795
89,0.0
90,10.237977981567383
91,10.519558906555176
92,12.786114692687988
93,8.561529159545898
94,453.09063720703125
95,44.26152038574219
96,13.796178817749023
97,13.551448822021484
98,45.28342056274414
99,9.443300247192383
100,0.0
101,11.44820499420166
102,8.880903244018555
103,12.095952987670898
104,0.0
105,91.87909698486328
106,11.345133781433105
107,7.613759994506836
108,16.311141967773438
109,4.029804706573486
110,0.0
111,8.071540832519531
112,5.132280349731445
113,0.0
114,8.121859550476074
115,18.35989761352539
116,9.581595420837402
117,37.83216094970703
118,10.484856605529785
119,5.083168983459473
120,9.390389442443848
121,455.8777770996094
122,10.175055503845215
123,37.46087646484375
124,48.41860580444336
125,0.0
126,0.0
127,61.151817321777344
128,12.280290603637695
129,12.318613052368164
130,448.5344543457031
131,0.0
132,9.611873626708984
133,36.77440643310547
134,9.953996658325195
135,30.22287368774414
136,5.12230920791626
137,0.0
138,5.22517728805542
139,4.79343318939209
140,0.0
141,0.0
142,13.067590713500977
143,37.28572082519531
144,20.431062698364258
145,0.0
146,195.10565185546875
147,36.46324920654297
148,15.908376693725586
149,17.07628059387207
150,30.161928176879883
151,11.8002347946167
152,44.105560302734375
153,17.23300552368164
154,4.745484828948975
155,18.131263732910156
156,6.5308122634887695
157,6.814387321472168
158,0.0
159,11.40813159942627
160,9.907676696777344
161,13.978286743164062
162,16.51469612121582
163,14.244037628173828
164,0.0
165,48.015342712402344
166,33.30494689941406
167,16.050220489501953
168,14.326020240783691
169,16.392745971679688
170,23.302291870117188
171,10.417922973632812
172,25.46961784362793
173,8.628036499023438
174,456.3116149902344
175,26.144758224487305
176,10.870536804199219
177,13.274124145507812
178,16.589792251586914
179,33.55952072143555
180,15.445795059204102
181,22.344802856445312
182,16.440044403076172
183,14.723426818847656
184,38.03621292114258
185,59.99199295043945
186,107.53678894042969
187,13.548007011413574
188,0.0
189,13.679384231567383
190,27.168621063232422
191,56.436336517333984
192,14.032234191894531
193,0.0
194,9.906146049499512
195,0.0
196,0.0
197,37.48500442504883
198,3.8919732570648193
199,3.566117763519287
200,6.659839153289795
201,7.916794300079346
202,4.9074387550354
203,6.706174373626709
204,0.0
205,10.191333770751953
206,10.1646146774292
207,10.871870040893555
208,65.73059844970703
209,14.269804954528809
210,16.00551414489746
211,84.60955810546875
212,17.587621688842773
213,13.071078300476074
214,7.768799304962158
215,11.846670150756836
216,6.145272254943848
217,5.723760604858398
218,3.950962543487549
219,3.5088565349578857
220,21.03434944152832
221,8.242953300476074
222,23.249324798583984
223,21.94561767578125
224,5.37245512008667
225,10.204837799072266
226,9.57885456085205
227,9.796163558959961
228,6.315600395202637
229,4.4007248878479
230,132.97950744628906
231,0.0
232,6.8511223793029785
233,9.813036918640137
234,5.711181640625
235,23.377744674682617
236,0.0
237,11.78388500213623
238,23.03750228881836
239,11.824371337890625
240,49.10054397583008
241,0.0
242,20.214405059814453
243,0.0
244,13.287862777709961
245,6.538071155548096
246,12.650127410888672
247,15.845698356628418
248,16.136266708374023
249,0.0
250,0.0
251,13.590189933776855
252,0.0
253,9.614640235900879
254,43.80743408203125
255,15.531174659729004
256,8.22062873840332
257,6.952256202697754
258,9.0139799118042
259,6.2023773193359375
260,14.732110023498535
261,0.0
262,11.425570487976074
263,13.997315406799316
264,10.122522354125977
265,16.126413345336914
266,51.92634963989258
267,15.361165046691895
268,8.523917198181152
269,0.0
270,36.57749938964844
271,97.93071746826172
272,0.0
273,20.554107666015625
274,6.378562927246094
275,0.0
276,10.17984676361084
277,0.0
278,10.0245943069458
279,63.40296936035156
280,8.035320281982422
281,12.773772239685059
282,14.306127548217773
283,14.292281150817871
284,36.68315124511719
285,23.6953182220459
286,10.442972183227539
287,15.929239273071289
288,15.238265037536621
289,0.0
290,14.556855201721191
291,11.291196823120117
292,6.797641277313232
293,5.657516956329346
294,7.065858364105225
295,3.059600591659546
296,3.7117698192596436
297,7.122118949890137
298,3.656475067138672
299,11.796716690063477
300,36.20600891113281
301,0.0
302,13.745022773742676
303,58.133148193359375
304,11.987739562988281
305,48.169654846191406
306,54.51030349731445
307,12.761297225952148
308,26.761194229125977
309,12.52224349975586
310,15.123741149902344
311,16.1602725982666
312,68.30696105957031
313,9.80428695678711
314,38.8446044921875
315,0.0
316,57.5267219543457
317,6.519494533538818
318,0.0
319,6.663625717163086
320,0.0
321,19.75600242614746
322,8.36534309387207
323,10.586947441101074
324,12.672590255737305
325,34.07593536376953
326,13.219329833984375
327,12.41568660736084
328,10.136812210083008
329,6.449124813079834
330,12.520597457885742
331,16.517885208129883
332,16.938318252563477
333,24.70140266418457
334,8.769908905029297
335,18.745582580566406
336,6.816851615905762
337,10.857893943786621
338,7.230017185211182
339,12.141969680786133
340,45.20063400268555
341,57.972389221191406
342,17.934795379638672
343,18.781864166259766
344,18.96198081970215
345,18.632490158081055
346,18.44820213317871
347,31.35235023498535
348,25.610689163208008
349,10.966779708862305
350,10.765021324157715
351,9.49344539642334
352,8.339420318603516
353,7.448562145233154
354,8.24846076965332
355,8.390557289123535
356,7.599438667297363
357,12.150399208068848
358,20.59608268737793
359,8.958160400390625
360,5.297687530517578
361,7.082633018493652
362,11.777884483337402
363,11.748246192932129
364,10.957390785217285
365,14.213101387023926
366,13.791054725646973
367,11.875914573669434
368,13.574542999267578
369,68.43666076660156
370,22.68755340576172
371,8.970671653747559
372,48.110572814941406
373,7.813511848449707
374,21.25589942932129
375,14.045381546020508
376,10.534197807312012
377,20.372129440307617
378,11.704154968261719
379,13.260875701904297
380,9.873547554016113
381,19.75432014465332
382,9.352641105651855
383,26.52729606628418
384,24.488418579101562
385,5.113000869750977
386,6.162642955780029
387,8.127644538879395
388,42.062408447265625
389,9.588550567626953
390,6.202427387237549
391,5.12111234664917
392,4.431944370269775
393,4.138628005981445
394,2.5234053134918213
395,4.3072614669799805
396,10.163935661315918
397,10.66445541381836
398,12.901090621948242
399,49.613670349121094
400,17.432416915893555
401,17.585330963134766
402,12.807828903198242
403,9.627640724182129
404,7.620224475860596
405,26.02553939819336
406,6.981151103973389
407,10.611425399780273
408,8.302621841430664
409,5.956088066101074
410,11.078733444213867
411,15.555489540100098
412,30.01097869873047
413,8.644570350646973
414,0.0
415,10.874381065368652
416,16.568483352661133
417,4.563387393951416
418,4.548304080963135
419,5.1075873374938965
420,4.839837074279785
421,9.567131996154785
422,0.0
423,8.263604164123535
424,7.523648738861084
425,8.697208404541016
426,10.388141632080078
427,9.572159767150879
428,8.979646682739258
429,12.817622184753418
430,16.415409088134766
431,17.62430191040039
432,16.916305541992188
433,17.333959579467773
434,13.010208129882812
435,7.027969837188721
436,25.137666702270508
437,7.812714576721191
438,4.273007869720459
439,4.630010604858398
440,7.598384857177734
441,7.874793529510498
442,7.999436378479004
443,20.856733322143555
444,8.319501876831055
445,15.133578300476074
446,12.012710571289062
447,14.42873764038086
448,8.09925651550293
449,10.984475135803223
450,14.771946907043457
451,9.91559886932373
452,9.223099708557129
453,7.103754043579102
454,9.41208267211914
455,10.066457748413086
456,10.43940544128418
457,13.259896278381348
458,8.25461196899414
459,9.576659202575684
460,8.958102226257324
461,10.897883415222168
462,13.1021728515625
463,12.901597023010254
464,11.921895980834961
465,35.56210708618164
466,10.032630920410156
467,26.122039794921875
468,15.476292610168457
469,43.663875579833984
470,8.371647834777832
471,10.591062545776367
472,8.828336715698242
473,9.12722396850586
474,6.995234489440918
475,18.273576736450195
476,21.065683364868164
477,9.56209659576416
478,10.695208549499512
479,10.335015296936035
480,13.200522422790527
481,12.383398056030273
482,9.762290000915527
483,11.130121231079102
484,10.9649076461792
485,10.17574405670166
486,12.18673038482666
487,39.649593353271484
488,14.887638092041016
489,18.936870574951172
490,13.856916427612305
491,12.908146858215332
492,16.34925079345703
493,16.727224349975586
494,13.444701194763184
495,11.388900756835938
496,12.056886672973633
497,14.682143211364746
498,16.454133987426758
499,11.426100730895996
500,7.033736228942871
501,6.432320594787598
502,11.660534858703613
503,10.407975196838379
504,18.556110382080078
505,13.2383394241333
506,15.144203186035156
507,15.425934791564941
508,14.984400749206543
509,16.328794479370117
510,15.89324951171875
511,12.575028419494629
512,9.744558334350586
513,8.931746482849121
514,7.411500930786133
515,11.848780632019043
516,8.88352108001709
517,7.850545406341553
518,18.32950782775879
519,16.409467697143555
520,12.354057312011719
521,10.991498947143555
522,12.291146278381348
523,12.297911643981934
524,15.178152084350586
525,34.74674987792969
526,11.260564804077148
527,13.32283878326416
528,7.844074726104736
529,14.621244430541992
530,10.022666931152344
531,10.294788360595703
532,10.125178337097168
533,7.222084999084473
534,13.563892364501953
535,14.138421058654785
536,10.319450378417969
537,11.010709762573242
538,10.048409461975098
539,8.909429550170898
540,10.081546783447266
541,7.91015625
542,9.227518081665039
543,8.16955852508545
544,6.0460662841796875
545,9.000165939331055
546,15.013252258300781
547,13.066354751586914
548,8.195693969726562
549,11.067220687866211
550,11.422329902648926
551,12.120736122131348
552,18.52615737915039
553,17.748266220092773
554,12.785579681396484
555,13.815398216247559
556,23.044340133666992
557,10.48389720916748
558,32.24769592285156
559,17.989601135253906
560,8.948653221130371
561,9.591991424560547
562,8.266796112060547
563,6.993030071258545
564,9.760406494140625
565,7.798102378845215
566,10.005044937133789
567,9.564035415649414
568,12.303671836853027
569,11.800342559814453
570,13.277673721313477
571,11.702515602111816
572,10.29277229309082
573,3.9538400173187256
574,3.7969086170196533
575,6.946686267852783
576,3.901690721511841
577,6.054448127746582
578,9.857873916625977
579,6.321713447570801
580,5.519233226776123
581,9.792281150817871
582,12.839046478271484
583,11.437026977539062
584,10.049689292907715
585,11.8610258102417
586,15.860617637634277
587,9.243814468383789
588,11.028633117675781
589,12.73004150390625
590,12.613118171691895
591,12.524307250976562
592,21.935691833496094
593,11.927576065063477
594,9.60369873046875
595,9.578582763671875
596,13.724776268005371
597,7.068179130554199
598,6.971006870269775
599,7.416838645935059
600,8.815081596374512
601,10.953038215637207
602,9.305839538574219
603,13.662150382995605
604,7.4077839851379395
605,9.80847454071045
606,8.813691139221191
607,12.343493461608887
608,9.544276237487793
609,7.961921691894531
610,12.447366714477539
611,5.392062664031982
612,6.283001899719238
613,6.440209865570068
614,8.072735786437988
615,5.071290493011475
616,7.2782440185546875
617,7.882388591766357
618,11.653281211853027
619,7.845951080322266
620,14.85157585144043
621,10.925118446350098
622,12.084236145019531
623,13.192235946655273
624,18.48513412475586
625,25.92499351501465
626,15.209736824035645
627,17.15701675415039
628,24.307880401611328
629,13.377917289733887
630,12.045076370239258
631,10.701276779174805
632,7.572907447814941
633,9.697009086608887
634,8.971858978271484
635,12.641459465026855
636,9.161506652832031
637,8.630292892456055
638,24.89434051513672
639,7.1124444007873535
640,8.46697998046875
641,14.449787139892578
642,11.359189987182617
643,10.316109657287598
644,9.391239166259766
645,23.664636611938477
646,12.760726928710938
647,12.001458168029785
648,9.77662467956543
649,13.427623748779297
650,11.28532600402832
651,12.753923416137695
652,16.816797256469727
653,14.955181121826172
654,8.809867858886719
655,11.688798904418945
656,9.541559219360352
657,15.326255798339844
658,8.352506637573242
659,9.371596336364746
660,5.558320999145508
661,2.698587656021118
662,7.804101943969727
663,2.9032881259918213
664,7.522128105163574
665,7.361599445343018
666,9.983638763427734
667,7.506631851196289
668,10.890931129455566
669,11.398045539855957
670,10.976602554321289
671,12.821735382080078
672,11.95053768157959
673,13.198548316955566
674,13.477662086486816
675,14.07754898071289
676,12.888334274291992
677,11.362915992736816
678,11.240266799926758
679,7.2091875076293945
680,9.335502624511719
681,13.314205169677734
682,7.139856338500977
683,6.218317985534668
684,7.732121467590332
685,7.638662338256836
686,10.857638359069824
687,11.137102127075195
688,12.391036987304688
689,22.375659942626953
690,15.390984535217285
691,19.01896095275879
692,14.777694702148438
693,17.058568954467773
694,12.149033546447754
695,20.32755470275879
696,9.861307144165039
697,9.610198020935059
698,6.174209117889404
699,8.804000854492188
700,11.344474792480469
701,7.0294599533081055
702,26.811063766479492
703,13.417577743530273
704,13.387682914733887
705,24.789690017700195
706,15.963422775268555
707,13.224599838256836
708,13.84575080871582
709,8.88590145111084
710,6.24532413482666
711,8.211496353149414
712,6.0082316398620605
713,4.545919895172119
714,6.437294006347656
715,4.679946422576904
716,5.210084438323975
717,9.027832984924316
718,19.329496383666992
719,11.959911346435547
720,11.278915405273438
721,11.413649559020996
722,15.620152473449707
723,15.446549415588379
724,12.333552360534668
725,12.766624450683594
726,10.425332069396973
727,12.12116527557373
728,7.302690505981445
729,9.678611755371094
730,9.940164566040039
731,13.097762107849121
732,8.773823738098145
733,9.092461585998535
734,7.135802268981934
735,8.039066314697266
736,10.906123161315918
737,12.516534805297852
738,13.735140800476074
739,12.317623138427734
740,9.799978256225586
741,13.385172843933105
742,14.454262733459473
743,9.966361999511719
744,9.743340492248535
745,9.236019134521484
746,9.53498649597168
747,8.117777824401855
748,6.346444129943848
749,11.816356658935547
750,14.888908386230469
751,8.34920883178711
752,11.224910736083984
753,18.021570205688477
754,20.928544998168945
755,21.88169288635254
756,21.38404655456543
757,17.26214599609375
758,15.342598915100098
759,11.487046241760254
760,15.508888244628906
761,9.07982063293457
762,11.445857048034668
763,7.305380344390869
764,3.6278581619262695
765,15.586797714233398
766,7.341938495635986
767,13.337027549743652
768,15.277667045593262
769,14.214632987976074
770,11.658982276916504
771,8.940960884094238
772,8.509793281555176
773,9.786758422851562
774,8.519701957702637
775,6.070459365844727
776,8.677541732788086
777,8.391642570495605
778,5.836594581604004
779,6.319345474243164
780,6.430038928985596
781,7.358218193054199
782,6.140928268432617
783,8.260640144348145
784,9.723799705505371
785,8.402789115905762
786,7.917051792144775
787,12.161314964294434
788,17.198402404785156
789,17.32982635498047
790,16.62413787841797
791,13.434957504272461
792,19.845054626464844
793,17.590898513793945
794,8.20751667022705
795,8.920609474182129
796,5.02586030960083
797,9.539926528930664
798,6.380797863006592
799,6.911896228790283
800,6.36818265914917
801,7.398629188537598
802,8.31202220916748
803,8.099465370178223
804,8.269579887390137
805,9.200112342834473
806,8.66133975982666
807,7.317566394805908
808,14.97646427154541
809,12.118963241577148
810,12.251450538635254
811,11.414911270141602
812,15.265416145324707
813,14.677042007446289
814,12.688486099243164
815,10.803864479064941
816,11.341387748718262
817,8.408357620239258
818,8.299870491027832
819,8.661365509033203
820,13.454577445983887
821,7.9978485107421875
822,39.465858459472656
823,14.661813735961914
824,8.278491020202637
825,9.361133575439453
826,13.942192077636719
827,11.28939151763916
828,10.633209228515625
829,13.274008750915527
830,7.660789966583252
831,10.109912872314453
832,9.078478813171387
833,6.671695709228516
834,7.715978622436523
835,11.937328338623047
836,12.240330696105957
837,30.93747901916504
838,17.28495216369629
839,14.663431167602539
840,12.788028717041016
841,21.343847274780273
842,11.843379020690918
843,14.901530265808105
844,14.85067367553711
845,13.7904691696167
846,12.536248207092285
847,11.922365188598633
848,12.042597770690918
849,9.432668685913086
850,14.739145278930664
851,8.866451263427734
852,6.965543746948242
853,6.863419532775879
854,7.482181072235107
855,8.799797058105469
856,7.291204452514648
857,6.422353744506836
858,9.225359916687012
859,8.77805233001709
860,7.536901473999023
861,8.698474884033203
862,13.502281188964844
863,12.810506820678711
864,10.754510879516602
865,13.292329788208008
866,8.813407897949219
867,11.708882331848145
868,14.228913307189941
869,13.328734397888184
870,8.867898941040039
871,12.408473014831543
872,0.0
873,16.96834373474121
874,12.908536911010742
875,17.33464241027832
876,9.626757621765137
877,12.821354866027832
878,16.11641502380371
879,14.102615356445312
880,13.934842109680176
881,12.552423477172852
882,8.056241989135742
883,15.13916301727295
884,7.855551242828369
885,5.245053768157959
886,12.632485389709473
887,7.2462849617004395
888,6.761931419372559
889,11.239269256591797
890,8.196511268615723
891,9.665820121765137
892,7.9630255699157715
893,13.709423065185547
894,12.900650978088379
895,14.086606979370117
896,11.954853057861328
897,9.355428695678711
898,13.601944923400879
899,10.970693588256836
900,12.624698638916016
901,9.743114471435547
902,10.458417892456055
903,10.028746604919434
904,10.807482719421387
905,7.913365840911865
906,9.44798755645752
907,10.039758682250977
908,13.959304809570312
909,16.516876220703125
910,16.11248207092285
911,15.745865821838379
912,13.282877922058105
913,6.5873003005981445
914,7.352197170257568
915,10.948972702026367
916,17.114952087402344
917,8.347476959228516
918,9.81174373626709
919,10.048623085021973
920,13.353349685668945
921,15.87516975402832
922,12.786188125610352
923,15.059555053710938
924,17.117847442626953
925,11.145238876342773
926,12.705193519592285
927,10.604737281799316
928,6.596344470977783
929,11.235648155212402
930,9.33621597290039
931,11.75948715209961
932,15.787718772888184
933,8.845114707946777
934,11.442190170288086
935,6.063821792602539
936,11.241084098815918
937,22.746532440185547
938,23.903043746948242
939,14.806313514709473
940,10.320372581481934
941,10.879484176635742
942,9.033957481384277
943,8.33118724822998
944,9.106948852539062
945,7.558743476867676
946,4.166773796081543
947,7.98905611038208
948,7.313318729400635
949,6.093822002410889
950,7.8714141845703125
951,10.773199081420898
952,10.545672416687012
953,5.861359119415283
954,11.972480773925781
955,8.463058471679688
956,6.9804253578186035
957,8.640946388244629
958,6.932500839233398
959,5.031246185302734
960,4.846986770629883
961,9.2061128616333
962,15.908661842346191
963,9.75192928314209
964,9.57710075378418
965,8.4851655960083
966,11.750407218933105
967,14.014435768127441
968,6.01753044128418
969,5.660984039306641
970,8.760440826416016
971,8.145614624023438
972,6.488500118255615
973,3.712479829788208
974,6.923595905303955
975,3.960860013961792
976,4.3393874168396
977,4.8014607429504395
978,5.458059787750244
979,6.146000862121582
980,4.296756267547607
981,5.381363391876221
982,10.045509338378906
983,14.149946212768555
984,16.88510513305664
985,15.762008666992188
986,14.126618385314941
987,9.739021301269531
988,12.3219575881958
989,8.923359870910645
990,6.0391621589660645
991,3.5563971996307373
992,2.639080286026001
993,1.8246231079101562
994,5.2631449699401855
995,6.820412635803223
996,8.248092651367188
997,10.3858060836792
998,9.43389892578125
999,12.097160339355469
1000,15.906911849975586
1001,11.186115264892578
1002,11.609862327575684
1003,13.574295043945312
1004,12.472867012023926
1005,10.592679977416992
1006,9.223403930664062
1007,6.814560890197754
1008,10.35329818725586
1009,10.378121376037598
1010,15.23222827911377
1011,14.27615737915039
1012,15.072729110717773
1013,14.022492408752441
1014,15.097151756286621
1015,8.240044593811035
1016,11.915550231933594
1017,14.39578628540039
1018,13.64557933807373
1019,11.801621437072754
1020,11.480560302734375
1021,10.134960174560547
1022,8.743836402893066
1023,7.451396942138672
1024,6.506192207336426
1025,6.730268478393555
1026,7.4897847175598145
1027,28.367008209228516
1028,14.010297775268555
1029,16.47089195251465
1030,12.378182411193848
1031,13.972049713134766
1032,13.509690284729004
1033,13.207240104675293
1034,11.485578536987305
1035,13.896063804626465
1036,11.160499572753906
1037,9.193818092346191
1038,13.386472702026367
1039,13.713587760925293
1040,19.87760353088379
1041,15.18718433380127
1042,14.085556983947754
1043,11.779950141906738
1044,16.82799530029297
1045,10.826231956481934
1046,11.100198745727539
1047,20.5835018157959
1048,12.518697738647461
1049,8.50739860534668
1050,11.257451057434082
1051,8.877607345581055
1052,11.855534553527832
1053,12.983601570129395
1054,10.685489654541016
1055,4.832921504974365
1056,4.35701322555542
1057,6.729116439819336
1058,13.984044075012207
1059,12.303384780883789
1060,14.71890640258789
1061,22.017553329467773
1062,13.956408500671387
1063,15.338601112365723
1064,18.327245712280273
1065,12.840158462524414
1066,14.263321876525879
1067,15.89842414855957
1068,9.743019104003906
1069,9.629993438720703
1070,12.915371894836426
1071,3.6200499534606934
1072,7.161221981048584
1073,13.066798210144043
1074,10.287034034729004
1075,9.611940383911133
1076,10.185975074768066
1077,9.455246925354004
1078,8.762080192565918
1079,9.790024757385254
1080,8.920018196105957
1081,12.838915824890137
1082,6.216360569000244
1083,10.386000633239746
1084,5.302293300628662
1085,11.07321834564209
1086,9.46200942993164
1087,6.913195610046387
1088,7.161246299743652
1089,8.162412643432617
1090,7.583066940307617
1091,11.022050857543945
1092,14.690715789794922
1093,10.47620964050293
1094,13.985844612121582
1095,14.230500221252441
1096,20.292022705078125
1097,9.927386283874512
1098,12.34472370147705
1099,12.599939346313477
1100,7.263720989227295
1101,7.60231876373291
1102,7.818376541137695
1103,7.7532572746276855
1104,5.51404333114624
1105,8.405511856079102
1106,10.312321662902832
1107,12.083073616027832
1108,7.7778425216674805
1109,5.038798809051514
1110,12.85224723815918
1111,9.15019416809082
1112,14.838361740112305
1113,14.770829200744629
1114,10.584653854370117
1115,9.350382804870605
1116,9.728523254394531
1117,8.962340354919434
1118,11.642157554626465
1119,12.450308799743652
1120,8.175169944763184
1121,9.429627418518066
1122,12.883752822875977
1123,11.336331367492676
1124,6.858610153198242
1125,7.298196315765381
1126,6.950085639953613
1127,6.091137409210205
1128,8.645965576171875
1129,6.630131721496582
1130,7.510929584503174
1131,8.124344825744629
1132,7.332925319671631
1133,13.468235969543457
1134,8.032057762145996
1135,16.441476821899414
1136,14.076933860778809
1137,12.4349365234375
1138,12.417169570922852
1139,12.537353515625
1140,21.86530303955078
1141,12.45965576171875
1142,15.686726570129395
1143,13.21155071258545
1144,9.455692291259766
1145,6.841699123382568
1146,12.8206148147583
1147,10.625401496887207
1148,12.518688201904297
1149,9.437971115112305
1150,11.116848945617676
1151,9.32419490814209
1152,12.875120162963867
1153,10.28730583190918
1154,9.753866195678711
1155,13.294122695922852
1156,8.298192977905273
1157,7.051863670349121
1158,9.637044906616211
1159,22.974925994873047
1160,8.948710441589355
1161,11.195670127868652
1162,15.455105781555176
1163,12.45836067199707
1164,7.780572891235352
1165,8.83361530303955
1166,7.446083068847656
1167,7.929879665374756
1168,7.140175819396973
1169,11.34814167022705
1170,11.998671531677246
1171,7.677073001861572
1172,7.000394821166992
1173,9.671252250671387
1174,10.781099319458008
1175,10.935212135314941
1176,15.043891906738281
1177,14.489476203918457
1178,14.913447380065918
1179,28.664794921875
1180,12.236671447753906
1181,15.571892738342285
1182,18.767017364501953
1183,29.505382537841797
1184,19.137590408325195
1185,24.816221237182617
1186,13.345527648925781
1187,11.800559997558594
1188,10.505892753601074
1189,4.5525665283203125
1190,3.091388463973999
1191,4.1150383949279785
1192,5.7422051429748535
1193,4.98600435256958
1194,2.115093469619751
1195,3.126589298248291
1196,5.838273525238037
1197,5.425550937652588
1198,7.675891876220703
1199,9.030879020690918
1200,10.988664627075195
1201,10.76358699798584
1202,12.441898345947266
1203,11.455272674560547
1204,12.34689998626709
1205,10.016136169433594
1206,17.965089797973633
1207,11.598433494567871
1208,13.338298797607422
1209,8.049057006835938
1210,10.964812278747559
1211,10.384462356567383
1212,10.239103317260742
1213,16.823570251464844
1214,11.860369682312012
1215,11.365166664123535
1216,10.911541938781738
1217,17.232425689697266
1218,8.488836288452148
1219,5.459387302398682
1220,7.332879543304443
1221,10.415682792663574
1222,11.073301315307617
1223,11.12816047668457
1224,4.994601726531982
1225,5.17756986618042
1226,6.845889568328857
1227,7.95460844039917
1228,8.174735069274902
1229,12.574973106384277
1230,12.497396469116211
1231,15.465227127075195
1232,21.27142906188965
1233,12.99294662475586
1234,18.402883529663086
1235,24.429885864257812
1236,10.382926940917969
1237,15.643278121948242
1238,17.211755752563477
1239,15.00543212890625
1240,9.874089241027832
1241,8.761248588562012
1242,11.32779598236084
1243,8.449658393859863
1244,10.412803649902344
1245,6.277928352355957
1246,6.520188808441162
1247,7.8763427734375
1248,7.453951358795166
1249,10.26987075805664
1250,9.137513160705566
1251,23.965171813964844
1252,14.903082847595215
1253,16.754552841186523
1254,14.56535530090332
1255,11.697602272033691
1256,17.20840072631836
1257,15.57546329498291
1258,12.482122421264648
1259,13.66945743560791
1260,9.161116600036621
1261,23.37936782836914
1262,10.651931762695312
1263,9.476086616516113
1264,8.10902214050293
1265,8.13776683807373
1266,6.3270111083984375
1267,3.667741298675537
1268,8.569674491882324
1269,10.66396427154541
1270,16.878244400024414
1271,24.418237686157227
1272,11.597984313964844
1273,10.655938148498535
1274,15.16691780090332
1275,16.552642822265625
1276,10.537272453308105
1277,15.629115104675293
1278,7.8672356605529785
1279,11.44428539276123
1280,8.680220603942871
1281,7.845031261444092
1282,6.22036600112915
1283,8.551206588745117
1284,7.897831439971924
1285,11.979393005371094
1286,7.134308815002441
1287,9.130982398986816
1288,8.967638969421387
1289,12.364835739135742
1290,8.238025665283203
1291,9.35983657836914
1292,12.686430931091309
1293,10.483414649963379
1294,17.49043083190918
1295,10.204093933105469
1296,22.174663543701172
1297,9.882223129272461
1298,8.004098892211914
1299,7.369073867797852
1300,15.867631912231445
1301,7.895092964172363
1302,9.42364501953125
1303,5.031589508056641
1304,5.885491371154785
1305,9.525752067565918
1306,12.671109199523926
1307,16.91339111328125
1308,10.037490844726562
1309,9.382569313049316
1310,7.417121887207031
1311,18.793766021728516
1312,11.394121170043945
1313,8.021904945373535
1314,6.538771629333496
1315,4.843192100524902
1316,6.576196670532227
1317,6.975550174713135
1318,6.065516471862793
1319,7.669588565826416
1320,10.20246410369873
1321,11.833976745605469
1322,10.676739692687988
1323,12.882318496704102
1324,15.527676582336426
1325,16.28949546813965
1326,14.934880256652832
1327,17.614301681518555
1328,12.729785919189453
1329,29.32341194152832
1330,9.760370254516602
1331,8.33752727508545
1332,8.79879379272461
1333,14.276749610900879
1334,5.828446388244629
1335,16.32976722717285
1336,8.065458297729492
1337,7.022212982177734
1338,13.961479187011719
1339,9.142318725585938
1340,14.444462776184082
1341,9.850130081176758
1342,26.46526527404785
1343,29.469884872436523
1344,15.05532169342041
1345,19.87359619140625
1346,14.72705078125
1347,61.58952331542969
1348,9.68602180480957
1349,13.739298820495605
1350,6.5367326736450195
1351,11.980770111083984
1352,8.410497665405273
1353,17.446077346801758
1354,7.156391143798828
1355,4.968376636505127
1356,14.073899269104004
1357,8.791707992553711
1358,9.715091705322266
1359,6.121394634246826
1360,13.311552047729492
1361,12.72297191619873
1362,14.89049243927002
1363,7.560262680053711
1364,11.110359191894531
1365,9.501757621765137
1366,7.826670169830322
1367,8.622851371765137
1368,6.935212135314941
1369,8.599384307861328
1370,10.286858558654785
1371,10.104986190795898
1372,11.763670921325684
1373,13.516312599182129
1374,13.928511619567871
1375,12.969820022583008
1376,13.229217529296875
1377,8.676475524902344
1378,10.91033935546875
1379,8.189468383789062
1380,3.1501922607421875
1381,3.8220465183258057
1382,7.2253899574279785
1383,10.361437797546387
1384,8.370743751525879
1385,7.054488182067871
1386,7.728217124938965
1387,12.185190200805664
1388,13.154812812805176
1389,9.88438892364502
1390,15.064420700073242
1391,11.487981796264648
1392,16.303442001342773
1393,10.367493629455566
1394,8.016183853149414
1395,7.32570743560791
1396,9.373615264892578
1397,6.1311187744140625
1398,5.059969425201416
1399,7.43471097946167
1400,4.5189337730407715
1401,5.299363136291504
1402,7.368524074554443
1403,4.681625843048096
1404,10.935466766357422
1405,15.338093757629395
1406,15.735121726989746
1407,20.925235748291016
1408,21.07961654663086
1409,13.869196891784668
1410,14.210034370422363
1411,13.665626525878906
1412,13.010455131530762
1413,6.304559230804443
1414,6.918451309204102
1415,7.779574394226074
1416,8.121170043945312
1417,12.095712661743164
1418,11.87657356262207
1419,15.405874252319336
1420,13.514704704284668
1421,16.00905418395996
1422,16.054611206054688
1423,13.423065185546875
1424,14.671570777893066
1425,14.67963695526123
1426,15.747631072998047
1427,12.926578521728516
1428,10.604726791381836
1429,14.77354907989502
1430,11.109949111938477
1431,17.580570220947266
1432,10.752372741699219
1433,9.032936096191406
1434,8.613767623901367
1435,14.626700401306152
1436,12.49112319946289
1437,16.704681396484375
1438,13.700881958007812
1439,5.6409711837768555
1440,11.421138763427734
1441,13.720856666564941
1442,11.046809196472168
1443,11.125187873840332
1444,10.326679229736328
1445,9.880983352661133
1446,8.37606143951416
1447,9.801023483276367
1448,15.326345443725586
1449,7.943637371063232
1450,13.895444869995117
1451,16.516468048095703
1452,21.511306762695312
1453,15.02295207977295
1454,20.07479476928711
1455,16.472789764404297
1456,12.203245162963867
1457,13.498497009277344
1458,9.685940742492676
1459,20.460935592651367
1460,12.835448265075684
1461,9.174020767211914
1462,8.49027156829834
1463,10.765830993652344
1464,5.260202884674072
1465,15.57838249206543
1466,9.165596008300781
1467,11.181221961975098
1468,7.195815086364746
1469,6.308009147644043
1470,7.9938554763793945
1471,11.265387535095215
1472,10.906645774841309
1473,8.373347282409668
1474,8.62146282196045
1475,8.303154945373535
1476,4.556966781616211
1477,6.882562637329102
1478,6.392398834228516
1479,7.531362056732178
1480,7.355989933013916
1481,8.199427604675293
1482,8.857773780822754
1483,7.725460052490234
1484,13.410926818847656
1485,7.688913345336914
1486,12.019518852233887
1487,13.364819526672363
1488,9.554265975952148
1489,19.866369247436523
1490,5.28877067565918
1491,36.964202880859375
1492,10.036511421203613
1493,9.879240989685059
1494,6.545456409454346
1495,6.187368392944336
1496,7.547228813171387
1497,9.289407730102539
1498,10.150790214538574
1499,10.779071807861328
1500,13.906558990478516
1501,18.50299644470215
1502,11.648865699768066
1503,13.920269966125488
1504,12.690760612487793
1505,9.613920211791992
1506,8.442817687988281
1507,9.235400199890137
1508,7.858209133148193
1509,10.965500831604004
1510,11.45138931274414
1511,9.458353042602539
1512,13.312593460083008
1513,6.445086479187012
1514,11.200719833374023
1515,9.597112655639648
1516,5.562199592590332
1517,6.184366226196289
1518,6.094997882843018
1519,12.298211097717285
1520,9.69654369354248
1521,12.501446723937988
1522,10.653823852539062
1523,15.176065444946289
1524,14.114083290100098
1525,18.227163314819336
1526,10.71120834350586
1527,8.292792320251465
1528,11.348384857177734
1529,5.949443340301514
1530,7.786771774291992
1531,4.289103031158447
1532,4.7193074226379395
1533,6.0885725021362305
1534,8.197824478149414
1535,5.666282653808594
1536,5.308595180511475
1537,11.029565811157227
1538,11.99372673034668
1539,11.341512680053711
1540,19.082006454467773
1541,9.843134880065918
1542,8.362114906311035
1543,8.254590034484863
1544,7.929681777954102
1545,15.843368530273438
1546,18.856382369995117
1547,7.046085834503174
1548,6.307297706604004
1549,5.147697448730469
1550,4.46807336807251
1551,9.128288269042969
1552,7.224376201629639
1553,9.58212661743164
1554,7.495758533477783
1555,8.119690895080566
1556,8.384517669677734
1557,16.224435806274414
1558,14.779216766357422
1559,11.059022903442383
1560,7.8866496086120605
1561,10.72623348236084
1562,7.627518653869629
1563,7.425219535827637
1564,8.633698463439941
1565,8.559821128845215
1566,8.121585845947266
1567,14.762238502502441
1568,13.354161262512207
1569,15.2826566696167
1570,13.091208457946777
1571,12.285011291503906
1572,16.541109085083008
1573,20.61203384399414
1574,12.85535717010498
1575,12.264259338378906
1576,13.422450065612793
1577,11.008438110351562
1578,16.000263214111328
1579,8.76279067993164
1580,8.397297859191895
1581,5.5300822257995605
1582,5.2952423095703125
1583,7.930072784423828
1584,7.262822151184082
1585,8.20346736907959
1586,9.472631454467773
1587,8.46819019317627
1588,15.040139198303223
1589,13.261624336242676
1590,12.207386016845703
1591,12.063124656677246
1592,13.37812328338623
1593,13.453214645385742
1594,11.31351089477539
1595,16.33575439453125
1596,13.104270935058594
1597,7.463641166687012
1598,7.43637228012085
1599,6.713978290557861
1600,5.024474143981934
1601,6.148839950561523
1602,3.6921958923339844
1603,5.237083435058594
1604,10.363471031188965
1605,13.661162376403809
1606,15.760475158691406
1607,9.012724876403809
1608,7.429362773895264
1609,20.465087890625
1610,10.576135635375977
1611,18.06192398071289
1612,15.703041076660156
1613,12.541547775268555
1614,10.07907772064209
1615,16.882017135620117
1616,16.297277450561523
1617,11.862947463989258
1618,11.92794418334961
1619,32.39083480834961
1620,14.844266891479492
1621,9.624345779418945
1622,11.777750015258789
1623,7.827136039733887
1624,12.313286781311035
1625,7.270595550537109
1626,8.370948791503906
1627,7.645562648773193
1628,10.68916130065918
1629,11.386052131652832
1630,6.902894496917725
1631,8.807044982910156
1632,10.023313522338867
1633,8.269255638122559
1634,13.970817565917969
1635,15.283391952514648
1636,15.757187843322754
1637,28.252944946289062
1638,10.748323440551758
1639,8.79373836517334
1640,10.300087928771973
1641,5.3467583656311035
1642,2.036661148071289
1643,4.8980817794799805
1644,8.265308380126953
1645,7.547482490539551
1646,8.581918716430664
1647,5.332859039306641
1648,8.61855411529541
1649,13.473814964294434
1650,8.41084098815918
1651,10.200443267822266
1652,7.721735954284668
1653,8.612671852111816
1654,4.872307300567627
1655,7.941628932952881
1656,9.210259437561035
1657,7.067605972290039
1658,6.2985920906066895
1659,9.920360565185547
1660,11.131303787231445
1661,8.664179801940918
1662,8.690591812133789
1663,9.563679695129395
1664,6.224820137023926
1665,8.429244041442871
1666,11.075382232666016
1667,11.36104679107666
1668,11.99392032623291
1669,8.15104866027832
1670,13.422246932983398
1671,8.822404861450195
1672,5.628819465637207
1673,6.1007866859436035
1674,5.329092979431152
1675,14.160877227783203
1676,12.170374870300293
1677,8.935371398925781
1678,7.874403476715088
1679,19.470006942749023
1680,22.45449447631836
1681,21.41096305847168
1682,17.39057159423828
1683,11.354188919067383
1684,14.941519737243652
1685,9.113861083984375
1686,9.093398094177246
1687,10.297782897949219
1688,13.248771667480469
1689,9.017342567443848
1690,10.246952056884766
1691,7.0706467628479
1692,12.535152435302734
1693,11.554945945739746
1694,11.7935791015625
1695,12.177538871765137
1696,13.489767074584961
1697,17.776199340820312
1698,9.375553131103516
1699,14.866644859313965
1700,11.9148530960083
1701,10.898831367492676
1702,13.868062019348145
1703,10.738369941711426
1704,9.008779525756836
1705,7.5205607414245605
1706,5.486565589904785
1707,7.484283447265625
1708,13.520076751708984
1709,12.132607460021973
1710,13.007326126098633
1711,16.156688690185547
1712,11.663413047790527
1713,14.324655532836914
1714,16.6719970703125
1715,17.596637725830078
1716,13.619691848754883
1717,8.2770414352417
1718,5.857555389404297
1719,6.834289073944092
1720,5.2656660079956055
1721,5.440398693084717
1722,9.334376335144043
1723,7.389064311981201
1724,7.887679100036621
1725,9.606874465942383
1726,10.640532493591309
1727,12.580791473388672
1728,11.147929191589355
1729,20.845949172973633
1730,14.061827659606934
1731,15.510918617248535
1732,13.72048568725586
1733,13.306204795837402
1734,13.67470645904541
1735,15.795381546020508
1736,21.181604385375977
1737,9.7306547164917
1738,5.619917392730713
1739,7.752411842346191
1740,4.97431755065918
1741,2.2311670780181885
1742,9.307488441467285
1743,11.25758171081543
1744,10.866360664367676
1745,11.152438163757324
1746,15.05736255645752
1747,13.759550094604492
1748,15.235352516174316
1749,11.504201889038086
1750,13.303712844848633
1751,10.651911735534668
1752,28.546480178833008
1753,10.417021751403809
1754,13.691184043884277
1755,13.884424209594727
1756,18.24994468688965
1757,11.913787841796875
1758,11.17221450805664
1759,13.514232635498047
1760,12.573844909667969
1761,16.26744842529297
1762,17.417388916015625
1763,14.21700668334961
1764,18.797725677490234
1765,23.467267990112305
1766,13.71532154083252
1767,9.529533386230469
1768,14.70472526550293
1769,20.509355545043945
1770,11.02508544921875
1771,19.64462661743164
1772,11.652504920959473
1773,11.850874900817871
1774,10.26282024383545
1775,7.46820068359375
1776,8.620575904846191
1777,6.874755382537842
1778,4.731964111328125
1779,9.410820960998535
1780,9.876004219055176
1781,7.267460346221924
1782,8.294149398803711
1783,7.691854476928711
1784,6.83079719543457
1785,6.537489414215088
1786,8.669096946716309
1787,11.980422019958496
1788,10.606066703796387
1789,11.002320289611816
1790,14.260454177856445
1791,9.536815643310547
1792,10.610063552856445
1793,6.729094982147217
1794,12.12497329711914
1795,9.356090545654297
1796,6.8026652336120605
1797,7.833557605743408
1798,19.445709228515625
1799,12.863462448120117
1800,11.359135627746582
1801,14.749260902404785
1802,11.331392288208008
1803,16.763107299804688
1804,12.237776756286621
1805,12.102506637573242
1806,23.201505661010742
1807,11.338903427124023
1808,10.990339279174805
1809,14.22875690460205
1810,11.66979694366455
1811,5.675643444061279
1812,8.192575454711914
1813,8.899947166442871
1814,4.912412166595459
1815,8.760787963867188
1816,6.264291286468506
1817,7.338446617126465
1818,12.852011680603027
1819,9.435063362121582
1820,5.996506214141846
1821,5.235882759094238
1822,7.0063982009887695
1823,8.19077205657959
1824,11.075908660888672
1825,9.215557098388672
1826,7.137356281280518
1827,11.328536033630371
1828,6.786444187164307
1829,8.884435653686523
1830,10.285473823547363
1831,15.758829116821289
1832,12.062718391418457
1833,11.332927703857422
1834,14.120774269104004
1835,6.550108432769775
1836,10.483763694763184
1837,7.602489948272705
1838,17.5577392578125
1839,9.801111221313477
1840,13.826275825500488
1841,34.07088088989258
1842,11.953218460083008
1843,14.580971717834473
1844,11.765730857849121
1845,8.489375114440918
1846,8.357763290405273
1847,8.382123947143555
1848,10.790596961975098
1849,9.771093368530273
1850,10.66801929473877
1851,11.974512100219727
1852,9.415789604187012
1853,10.006750106811523
1854,9.294387817382812
1855,13.373072624206543
1856,9.66887092590332
1857,9.724753379821777
1858,6.352594375610352
1859,6.358436107635498
1860,7.934081554412842
1861,6.7961225509643555
1862,5.17681360244751
1863,9.866506576538086
1864,12.158291816711426
1865,12.602093696594238
1866,9.924318313598633
1867,21.1602840423584
1868,22.157135009765625
1869,17.40663719177246
1870,16.83153533935547
1871,23.357202529907227
1872,12.292669296264648
1873,11.212747573852539
1874,14.18607234954834
1875,9.105542182922363
1876,10.318076133728027
1877,7.352371692657471
1878,9.938363075256348
1879,7.923943996429443
1880,2.5393283367156982
1881,12.12137508392334
1882,8.369466781616211
1883,7.9931111335754395
1884,9.747392654418945
1885,9.282858848571777
1886,6.911529064178467
1887,11.079757690429688
1888,7.7069525718688965
1889,10.30191421508789
1890,8.624521255493164
1891,7.427549839019775
1892,9.409712791442871
1893,8.247679710388184
1894,8.021713256835938
1895,12.774109840393066
1896,5.488624095916748
1897,7.2071452140808105
1898,5.458260536193848
1899,10.031997680664062
1900,12.10138988494873
1901,8.790928840637207
1902,11.914445877075195
1903,5.394307613372803
1904,12.379782676696777
1905,9.890965461730957
1906,9.447049140930176
1907,5.672090530395508
1908,4.904703140258789
1909,6.244598388671875
1910,5.6606526374816895
1911,4.694308757781982
1912,5.397585868835449
1913,15.086579322814941
1914,9.722715377807617
1915,12.649212837219238
1916,14.322879791259766
1917,12.057941436767578
1918,9.289813995361328
1919,12.825132369995117
1920,8.874191284179688
1921,12.032979965209961
1922,13.221368789672852
1923,8.311592102050781
1924,8.647162437438965
1925,15.78349494934082
1926,15.999375343322754
1927,16.031957626342773
1928,15.726354598999023
1929,11.667662620544434
1930,7.1353325843811035
1931,9.388506889343262
1932,9.64559555053711
1933,3.366068124771118
1934,4.021003723144531
1935,9.648213386535645
1936,4.488225936889648
1937,7.094843864440918
1938,7.868106365203857
1939,6.602636337280273
1940,11.860776901245117
1941,8.51061725616455
1942,9.657902717590332
1943,6.3612060546875
1944,6.342633247375488
1945,8.664227485656738
1946,6.70547342300415
1947,10.384580612182617
1948,14.606719970703125
1949,7.635042667388916
1950,8.478076934814453
1951,10.382405281066895
1952,10.870683670043945
1953,10.165621757507324
1954,9.7581787109375
1955,14.10521411895752
1956,13.780008316040039
1957,13.381418228149414
1958,10.081416130065918
1959,12.249326705932617
1960,14.166296005249023
1961,6.746405601501465
1962,10.80148696899414
1963,6.114976406097412
1964,8.61884593963623
1965,6.708226680755615
1966,7.0720672607421875
1967,10.206094741821289
1968,8.705066680908203
1969,7.456536769866943
1970,8.686284065246582
1971,12.156853675842285
1972,8.894137382507324
1973,6.073577404022217
1974,7.406047344207764
1975,10.250740051269531
1976,9.354484558105469
1977,6.9519267082214355
1978,6.036691665649414
1979,11.726570129394531
1980,10.561694145202637
1981,13.390260696411133
1982,11.214900970458984
1983,10.410621643066406
1984,10.16584587097168
1985,11.130812644958496
1986,10.275630950927734
1987,14.148496627807617
1988,8.452753067016602
1989,11.294328689575195
1990,11.814742088317871
1991,15.008520126342773
1992,11.594745635986328
1993,12.861190795898438
1994,15.242435455322266
1995,12.579169273376465
1996,10.332459449768066
1997,11.496084213256836
1998,5.808455467224121
1999,6.354311466217041
2000,5.929638385772705
2001,4.933145999908447
2002,4.070939064025879
2003,7.447489261627197
2004,11.454431533813477
2005,18.89406394958496
2006,9.336283683776855
2007,13.330822944641113
2008,20.626426696777344
2009,16.540700912475586
2010,24.091707229614258
2011,22.3346004486084
2012,13.140458106994629
2013,14.466218948364258
2014,12.81115436553955
2015,22.380783081054688
2016,12.769837379455566
2017,11.06631088256836
2018,10.238801956176758
2019,12.824824333190918
2020,8.873555183410645
2021,10.417084693908691
2022,8.678272247314453
2023,15.401095390319824
2024,10.035572052001953
2025,10.723268508911133
2026,10.850109100341797
2027,18.162704467773438
2028,10.35237979888916
2029,11.64017105102539
2030,13.405983924865723
2031,9.440279006958008
2032,14.304176330566406
2033,7.744836330413818
2034,9.139654159545898
2035,10.647008895874023
2036,13.383085250854492
2037,15.922212600708008
2038,16.943546295166016
2039,14.904975891113281
2040,14.376202583312988
2041,24.112009048461914
2042,11.927678108215332
2043,11.28804874420166
2044,14.622018814086914
2045,11.958181381225586
2046,10.722850799560547
2047,4.573234558105469
2048,8.236393928527832
2049,6.076626300811768
2050,12.606359481811523
2051,12.591180801391602
2052,14.846183776855469
2053,14.27357006072998
2054,8.658058166503906
2055,15.376321792602539
2056,16.192230224609375
2057,9.595612525939941
2058,8.765461921691895
2059,8.691461563110352
2060,8.13065242767334
2061,5.914600372314453
2062,4.951985836029053
2063,6.055920124053955
2064,5.963009834289551
2065,7.4142045974731445
2066,6.108436584472656
2067,9.028335571289062
2068,7.623633861541748
2069,16.00969123840332
2070,17.4088191986084
2071,19.776384353637695
2072,10.674738883972168
2073,16.320934295654297
2074,12.375102996826172
2075,13.16042423248291
2076,8.477299690246582
2077,8.678632736206055
2078,9.178617477416992
2079,12.613192558288574
2080,2.839278221130371
2081,11.041507720947266
2082,8.108792304992676
2083,6.531798362731934
2084,4.496105194091797
2085,2.073774576187134
2086,14.071680068969727
2087,9.444629669189453
2088,7.103826522827148
2089,9.444314956665039
2090,9.979449272155762
2091,8.86361312866211
2092,7.705723762512207
2093,7.2927327156066895
2094,7.928345203399658
2095,5.8695268630981445
2096,11.521093368530273
2097,5.714099407196045
2098,7.071868419647217
2099,5.923401355743408
2100,10.046516418457031
2101,5.909650802612305
2102,6.908393383026123
2103,9.910395622253418
2104,9.25365161895752
2105,7.249526023864746
2106,14.236398696899414
2107,14.988970756530762
2108,8.825567245483398
2109,14.693552017211914
2110,12.823941230773926
2111,11.830684661865234
2112,11.157301902770996
2113,13.17133617401123
2114,11.392790794372559
2115,8.345429420471191
2116,13.365483283996582
2117,7.247257709503174
2118,10.55234432220459
2119,9.9923095703125
2120,6.29628849029541
2121,2.9848830699920654
2122,7.57164192199707
2123,5.797059059143066
2124,11.91032600402832
2125,10.627674102783203
2126,11.804915428161621
2127,15.596116065979004
2128,12.783413887023926
2129,9.380391120910645
2130,10.167529106140137
2131,14.746623039245605
2132,11.956486701965332
2133,9.473413467407227
2134,8.186426162719727
2135,7.83544397354126
2136,8.52867603302002
2137,4.172278881072998
2138,3.9145538806915283
2139,5.983070373535156
2140,8.115424156188965
2141,10.432085037231445
2142,7.613199234008789
2143,6.357870578765869
2144,11.87934398651123
2145,16.128828048706055
2146,10.696575164794922
2147,9.720157623291016
2148,11.09527587890625
2149,10.887529373168945
2150,13.615556716918945
2151,22.42914390563965
2152,16.625688552856445
2153,14.573938369750977
2154,16.14581871032715
2155,11.985414505004883
2156,8.74781322479248
2157,6.992945671081543
2158,6.972627639770508
2159,9.309547424316406
2160,13.095413208007812
2161,8.261273384094238
2162,7.061182498931885
2163,2.97350811958313
2164,5.716352462768555
2165,5.311603546142578
2166,10.422590255737305
2167,5.049944877624512
2168,5.468109130859375
2169,11.521157264709473
2170,9.049186706542969
2171,10.458452224731445
2172,16.644542694091797
2173,13.551789283752441
2174,15.940498352050781
2175,14.372902870178223
2176,12.443512916564941
2177,12.527400970458984
2178,8.258500099182129
2179,10.654765129089355
2180,5.7291083335876465
2181,3.1549530029296875
2182,3.9960548877716064
2183,7.106269359588623
2184,8.075437545776367
2185,7.521150588989258
2186,10.08342456817627
2187,14.802335739135742
2188,20.9172420501709
2189,14.520190238952637
2190,12.054304122924805
2191,12.870481491088867
2192,15.288819313049316
2193,10.403651237487793
2194,3.849388599395752
2195,8.290145874023438
2196,5.6688456535339355
2197,5.235355377197266
2198,10.366768836975098
2199,5.341939926147461
2200,11.463297843933105
2201,6.053640365600586
2202,11.187989234924316
2203,11.077634811401367
2204,14.194008827209473
2205,13.705915451049805
2206,11.105189323425293
2207,14.020938873291016
2208,22.967355728149414
2209,13.730466842651367
2210,19.745044708251953
2211,13.794079780578613
2212,11.93667984008789
2213,9.731633186340332
2214,10.220088005065918
2215,7.29317045211792
2216,7.05366849899292
2217,9.005509376525879
2218,3.541614055633545
2219,8.301443099975586
2220,7.38665771484375
2221,4.984570503234863
2222,10.94627857208252
2223,9.700089454650879
2224,9.509561538696289
2225,8.252020835876465
2226,9.260513305664062
2227,7.938712120056152
2228,8.117091178894043
2229,11.933014869689941
2230,15.992376327514648
2231,12.677340507507324
2232,15.879684448242188
2233,7.747052192687988
2234,7.665770053863525
2235,9.094010353088379
2236,9.263051986694336
2237,7.860387802124023
2238,10.939352035522461
2239,11.004009246826172
2240,9.073179244995117
2241,15.77181339263916
2242,6.814996719360352
2243,6.676302909851074
2244,10.44037914276123
2245,11.806024551391602
2246,12.832745552062988
2247,8.5486478805542
2248,14.696294784545898
2249,9.628920555114746
2250,10.678889274597168
2251,7.623060703277588
2252,14.194685935974121
2253,10.597807884216309
2254,10.851397514343262
2255,12.867655754089355
2256,9.501218795776367
2257,13.241409301757812
2258,5.780503273010254
2259,10.2208251953125
2260,6.3244242668151855
2261,10.655083656311035
2262,5.274237632751465
2263,8.00278091430664
2264,14.098165512084961
2265,15.483529090881348
2266,13.306516647338867
2267,16.5714168548584
2268,18.611623764038086
2269,7.892354965209961
2270,10.466509819030762
2271,10.749460220336914
2272,10.684468269348145
2273,9.348912239074707
2274,18.91297149658203
2275,15.419727325439453
2276,15.633612632751465
2277,14.489861488342285
2278,8.856886863708496
2279,13.949922561645508
2280,9.282624244689941
2281,10.078365325927734
2282,7.278783798217773
2283,10.245403289794922
2284,4.292901039123535
2285,4.287204742431641
2286,4.71542501449585
2287,10.78271484375
2288,8.207430839538574
2289,9.612242698669434
2290,9.904800415039062
2291,10.140738487243652
2292,6.487600326538086
2293,6.268766403198242
2294,13.482483863830566
2295,12.602805137634277
2296,13.046101570129395
2297,11.754252433776855
2298,10.560900688171387
2299,13.888602256774902
2300,14.932169914245605
2301,10.935267448425293
2302,11.059080123901367
2303,23.051860809326172
2304,10.155815124511719
2305,25.176816940307617
2306,19.12362289428711
2307,7.624215126037598
2308,17.91765022277832
2309,10.447630882263184
2310,11.045543670654297
2311,14.778011322021484
2312,9.100119590759277
2313,6.7044148445129395
2314,7.679308891296387
2315,7.859065532684326
2316,9.156949043273926
2317,9.792854309082031
2318,8.943765640258789
2319,10.159139633178711
2320,10.470027923583984
2321,11.9175443649292
2322,22.08836555480957
2323,10.607989311218262
2324,14.563678741455078
2325,19.04697608947754
2326,12.310294151306152
2327,13.854527473449707
2328,7.585505485534668
2329,15.95091438293457
2330,14.117683410644531
2331,8.329376220703125
2332,9.40434455871582
2333,10.541289329528809
2334,6.107423782348633
2335,6.535346508026123
2336,4.361731052398682
2337,9.990864753723145
2338,9.03557300567627
2339,8.726807594299316
2340,15.185346603393555
2341,16.473684310913086
2342,15.957271575927734
2343,10.577009201049805
2344,8.320594787597656
2345,10.37192153930664
2346,9.91058349609375
2347,3.574380397796631
2348,8.77769947052002
2349,6.775392532348633
2350,8.822134971618652
2351,7.904800891876221
2352,9.484110832214355
2353,9.160943984985352
2354,10.805787086486816
2355,7.283104419708252
2356,7.446929454803467
2357,8.169038772583008
2358,9.1786470413208
2359,5.28897762298584
2360,7.272757053375244
2361,7.959475517272949
2362,6.977108955383301
2363,7.813192367553711
2364,12.710165977478027
2365,7.19146728515625
2366,8.318857192993164
2367,8.935033798217773
2368,9.65324592590332
2369,10.889810562133789
2370,10.587787628173828
2371,20.75872802734375
2372,11.538841247558594
2373,11.031052589416504
2374,8.816573143005371
2375,11.301994323730469
2376,6.431510925292969
2377,8.00210189819336
2378,5.977818012237549
2379,8.687173843383789
2380,10.600205421447754
2381,6.645717144012451
2382,7.0725603103637695
2383,21.24984359741211
2384,11.635269165039062
2385,13.225884437561035
2386,21.122533798217773
2387,16.01006507873535
2388,9.825296401977539
2389,10.041089057922363
2390,9.10168170928955
2391,10.234637260437012
2392,8.376832962036133
2393,5.720586776733398
2394,7.06156587600708
2395,7.153698921203613
2396,7.85467529296875
2397,11.81657886505127
2398,12.735482215881348
2399,6.574860572814941
2400,14.626325607299805
2401,14.11625862121582
2402,13.102869033813477
2403,10.866540908813477
2404,9.759917259216309
2405,10.886690139770508
2406,10.459349632263184
2407,10.276717185974121
2408,6.926216125488281
2409,3.6421449184417725
2410,2.1895840167999268
2411,4.846284866333008
2412,5.503632545471191
2413,5.5928826332092285
2414,8.466440200805664
2415,9.98811149597168
2416,13.87530517578125
2417,17.151439666748047
2418,25.437026977539062
2419,17.098575592041016
2420,16.793136596679688
2421,8.711441040039062
2422,15.428913116455078
2423,13.530837059020996
2424,12.385562896728516
2425,9.881977081298828
2426,12.993681907653809
2427,18.003023147583008
2428,12.451812744140625
2429,24.776643753051758
2430,11.088944435119629
2431,9.242055892944336
2432,14.436202049255371
2433,15.831077575683594
2434,12.75087833404541
2435,12.923280715942383
2436,6.1301116943359375
2437,8.456727981567383
2438,13.141531944274902
2439,8.346166610717773
2440,6.490187168121338
2441,13.537481307983398
2442,11.226465225219727
2443,9.234379768371582
2444,9.92247486114502
2445,7.75009298324585
2446,8.65339183807373
2447,15.634115219116211
2448,7.846253395080566
2449,14.753826141357422
2450,13.61050033569336
2451,7.632315158843994
2452,11.45039176940918
2453,5.240664482116699
2454,12.74873161315918
2455,9.243995666503906
2456,18.546525955200195
2457,15.053812980651855
2458,16.840513229370117
2459,13.224874496459961
2460,13.044866561889648
2461,18.626829147338867
2462,14.054491996765137
2463,18.86383056640625
2464,8.493690490722656
2465,10.547689437866211
2466,8.65731430053711
2467,7.433929920196533
2468,8.3434476852417
2469,7.862690448760986
2470,9.582751274108887
2471,6.426407337188721
2472,7.00531530380249
2473,7.771143436431885
2474,7.725047588348389
2475,8.408926963806152
2476,7.654245853424072
2477,6.478549003601074
2478,3.377047300338745
2479,5.256946086883545
2480,3.7732295989990234
2481,3.0373589992523193
2482,2.3525986671447754
2483,6.332396984100342
2484,5.444899559020996
2485,4.846407890319824
2486,7.896771430969238
2487,8.68172836303711
2488,7.689708232879639
2489,14.279911994934082
2490,10.685132026672363
2491,21.93398094177246
2492,16.391510009765625
2493,13.961174964904785
2494,13.515460968017578
2495,10.884413719177246
2496,22.531225204467773
2497,12.425750732421875
2498,13.816021919250488
2499,7.631902694702148
2500,4.421866416931152
2501,6.903992652893066
2502,5.457601547241211
2503,7.0539774894714355
2504,9.268378257751465
2505,6.49839448928833
2506,5.509164810180664
2507,3.8506405353546143
2508,7.218338489532471
2509,4.617455005645752
2510,6.539985179901123
2511,8.609506607055664
2512,9.46731185913086
2513,6.034082889556885
2514,7.607273578643799
2515,7.571102619171143
2516,10.207435607910156
2517,8.06960678100586
2518,7.645589351654053
2519,15.81143569946289
2520,10.760297775268555
2521,13.041865348815918
2522,15.179401397705078
2523,14.109880447387695
2524,19.290237426757812
2525,15.705951690673828
2526,10.88554859161377
2527,9.659974098205566
2528,8.529333114624023
2529,7.181372165679932
2530,3.9152908325195312
2531,2.8220651149749756
2532,1.9115549325942993
2533,4.385580062866211
2534,5.421294689178467
2535,2.4067327976226807
2536,5.4035868644714355
2537,9.092085838317871
2538,7.606849670410156
2539,9.068680763244629
2540,12.973803520202637
2541,8.777578353881836
2542,6.2589592933654785
2543,11.079416275024414
2544,12.878767967224121
2545,15.88961410522461
2546,23.858776092529297
2547,6.988102912902832
2548,10.826876640319824
2549,9.163525581359863
2550,12.666959762573242
2551,11.122150421142578
2552,10.35845947265625
2553,14.86275863647461
2554,15.123353958129883
2555,12.391022682189941
2556,9.283625602722168
2557,11.677173614501953
2558,14.571222305297852
2559,13.372225761413574
2560,7.7816619873046875
2561,16.26942253112793
2562,9.492835998535156
2563,8.72116756439209
2564,13.715022087097168
2565,13.447000503540039
2566,9.218442916870117
2567,10.31178092956543
2568,11.41940689086914
2569,8.394972801208496
2570,11.70396614074707
2571,7.059818267822266
2572,8.68258285522461
2573,11.250672340393066
2574,7.173147201538086
2575,10.149786949157715
2576,12.621960639953613
2577,17.010290145874023
2578,14.975699424743652
2579,13.044501304626465
2580,13.503686904907227
2581,12.774932861328125
2582,16.370864868164062
2583,12.860092163085938
2584,8.139368057250977
2585,11.604055404663086
2586,10.02082633972168
2587,6.9363813400268555
2588,11.841588973999023
2589,8.410846710205078
2590,5.069543361663818
2591,6.275425434112549
2592,7.401734352111816
2593,11.919899940490723
2594,9.232800483703613
2595,9.72066879272461
2596,11.349440574645996
2597,10.415322303771973
2598,9.084403991699219
2599,7.69737434387207
2600,8.101086616516113
2601,6.574090957641602
2602,5.901577949523926
2603,8.900338172912598
2604,4.329064846038818
2605,3.942920684814453
2606,2.751797676086426
2607,9.685815811157227
2608,8.909598350524902
2609,18.117061614990234
2610,18.278705596923828
2611,17.323091506958008
2612,21.30153465270996
2613,19.461257934570312
2614,12.121939659118652
2615,13.270681381225586
2616,12.694612503051758
2617,10.096654891967773
2618,5.475644111633301
2619,9.772074699401855
2620,6.620515823364258
2621,4.520456790924072
2622,8.218396186828613
2623,9.841043472290039
2624,8.021512985229492
2625,7.5292768478393555
2626,10.155619621276855
2627,7.003918170928955
2628,18.085128784179688
2629,6.148471832275391
2630,11.401094436645508
2631,14.467690467834473
2632,10.789724349975586
2633,11.376533508300781
2634,10.691500663757324
2635,12.498827934265137
2636,9.462020874023438
2637,10.745403289794922
2638,9.11254596710205
2639,7.919703960418701
2640,6.8415117263793945
2641,10.722393989562988
2642,8.963111877441406
2643,5.159818649291992
2644,9.362927436828613
2645,10.84664535522461
2646,14.146942138671875
2647,9.152716636657715
2648,6.549393177032471
2649,4.8728790283203125
2650,8.646977424621582
2651,4.515570163726807
2652,9.165606498718262
2653,9.409296989440918
2654,9.13749885559082
2655,13.460114479064941
2656,15.11479663848877
2657,13.016139030456543
2658,12.494538307189941
2659,9.737143516540527
2660,11.8966646194458
2661,9.923821449279785
2662,6.22865629196167
2663,11.00659465789795
2664,10.655712127685547
2665,7.785757541656494
2666,5.112422943115234
2667,12.894758224487305
2668,6.747418403625488
2669,10.589314460754395
2670,9.751710891723633
2671,8.881088256835938
2672,11.953193664550781
2673,6.396381378173828
2674,9.23949909210205
2675,7.92183780670166
2676,11.038859367370605
2677,10.169145584106445
2678,10.894684791564941
2679,10.380516052246094
2680,8.302953720092773
2681,10.61965560913086
2682,7.407242298126221
2683,11.796662330627441
2684,9.579526901245117
2685,9.244832992553711
2686,10.792092323303223
2687,12.020444869995117
2688,14.768798828125
2689,14.895926475524902
2690,14.25587272644043
2691,14.473732948303223
2692,6.787219524383545
2693,11.13595962524414
2694,10.90886116027832
2695,5.755817890167236
2696,11.323128700256348
2697,15.026390075683594
2698,13.36584758758545
2699,15.894819259643555
2700,15.850815773010254
2701,14.92376708984375
2702,19.80384063720703
2703,15.343013763427734
2704,11.534150123596191
2705,14.227937698364258
2706,17.4882869720459
2707,14.726937294006348
2708,8.601739883422852
2709,10.275712013244629
2710,5.412515163421631
2711,5.805432319641113
2712,4.305995941162109
2713,7.770158767700195
2714,10.72653579711914
2715,12.448246002197266
2716,10.313713073730469
2717,11.113080978393555
2718,11.957942008972168
2719,15.17093563079834
2720,13.417266845703125
2721,14.791040420532227
2722,7.394745826721191
2723,12.41298770904541
2724,10.116262435913086
2725,11.108240127563477
2726,12.669340133666992
2727,9.571855545043945
2728,9.211949348449707
2729,7.793019771575928
2730,8.363940238952637
2731,9.456635475158691
2732,12.93581485748291
2733,8.412614822387695
2734,11.705343246459961
2735,11.829225540161133
2736,10.764862060546875
2737,14.574965476989746
2738,19.842891693115234
2739,10.639654159545898
2740,14.262638092041016
2741,12.889888763427734
2742,15.850947380065918
2743,17.908842086791992
2744,15.417970657348633
2745,11.05849552154541
2746,14.66873550415039
2747,11.13305950164795
2748,16.835220336914062
2749,12.334346771240234
2750,13.624218940734863
2751,11.942682266235352
2752,12.205682754516602
2753,11.497185707092285
2754,10.645349502563477
2755,14.943378448486328
2756,11.199899673461914
2757,9.290035247802734
2758,8.277710914611816
2759,8.978435516357422
2760,8.786273002624512
2761,10.98125171661377
2762,12.18375301361084
2763,14.250975608825684
2764,11.791693687438965
2765,9.774897575378418
2766,11.859479904174805
2767,13.552447319030762
2768,17.023408889770508
2769,11.594730377197266
2770,10.259796142578125
2771,7.744492530822754
2772,8.56500244140625
2773,5.603298664093018
2774,7.581770420074463
2775,10.592045783996582
2776,18.93144416809082
2777,8.97307300567627
2778,4.600642204284668
2779,9.517539024353027
2780,10.37879753112793
2781,6.115116596221924
2782,8.383109092712402
2783,6.885544300079346
2784,13.337528228759766
2785,11.106734275817871
2786,8.222318649291992
2787,14.388673782348633
2788,12.136914253234863
2789,11.672113418579102
2790,10.207884788513184
2791,6.856794834136963
2792,8.21697998046875
2793,9.298481941223145
2794,11.920090675354004
2795,13.440688133239746
2796,8.87347412109375
2797,9.888445854187012
2798,8.649246215820312
2799,7.797583103179932
2800,6.732944488525391
2801,5.6082282066345215
2802,5.593679904937744
2803,6.964242458343506
2804,4.9658613204956055
2805,9.245072364807129
2806,14.269384384155273
2807,11.551374435424805
2808,10.734819412231445
2809,14.693975448608398
2810,10.641827583312988
2811,8.952774047851562
2812,13.62677001953125
2813,9.350513458251953
2814,9.17763900756836
2815,6.761336803436279
2816,7.944886207580566
2817,12.402097702026367
2818,8.266797065734863
2819,10.572691917419434
2820,8.56082820892334
2821,8.382753372192383
2822,6.428913593292236
2823,6.600348949432373
2824,5.6337080001831055
2825,5.914117813110352
2826,5.791706085205078
2827,5.475541114807129
2828,4.024216175079346
2829,6.455176830291748
2830,10.065251350402832
2831,7.554311752319336
2832,16.050596237182617
2833,13.779966354370117
2834,11.512887001037598
2835,9.900690078735352
2836,7.229435920715332
2837,13.908130645751953
2838,14.464156150817871
2839,12.085273742675781
2840,18.9896183013916
2841,13.62967586517334
2842,7.924237251281738
2843,5.698336124420166
2844,6.883776664733887
2845,4.777851104736328
2846,3.6313881874084473
2847,1.7893569469451904
2848,5.003668785095215
2849,7.830923080444336
2850,10.17900276184082
2851,6.609945297241211
2852,11.579408645629883
2853,13.953954696655273
2854,11.806965827941895
2855,13.822227478027344
2856,10.01403522491455
2857,13.086067199707031
2858,10.385568618774414
2859,9.688831329345703
2860,16.27573013305664
2861,12.273179054260254
2862,9.917196273803711
2863,17.46473503112793
2864,16.239574432373047
2865,10.775716781616211
2866,13.726529121398926
2867,12.444994926452637
2868,13.433380126953125
2869,15.143383979797363
2870,8.368435859680176
2871,10.20465087890625
2872,10.009072303771973
2873,9.292482376098633
2874,7.93434476852417
2875,8.271848678588867
2876,7.123541831970215
2877,4.831124305725098
2878,4.98000955581665
2879,4.397923469543457
2880,3.762441396713257
2881,6.494407653808594
2882,10.894742965698242
2883,11.832923889160156
2884,14.098666191101074
2885,13.543503761291504
2886,13.25532054901123
2887,14.136529922485352
2888,10.160964965820312
2889,8.97358226776123
2890,4.33729362487793
2891,4.126373767852783
2892,2.5969462394714355
2893,2.714501142501831
2894,2.947690486907959
2895,5.704186916351318
2896,7.25707483291626
2897,7.424126625061035
2898,7.015279293060303
2899,9.091023445129395
2900,7.248124122619629
2901,8.909880638122559
2902,12.502471923828125
2903,14.228907585144043
2904,15.021222114562988
2905,11.88638687133789
2906,14.781745910644531
2907,18.93781089782715
2908,11.922152519226074
2909,8.98635482788086
2910,13.148879051208496
2911,10.957411766052246
2912,11.097665786743164
2913,12.794081687927246
2914,11.340625762939453
2915,9.025798797607422
2916,7.536064624786377
2917,4.434106826782227
2918,7.665945529937744
2919,5.971954345703125
2920,3.0181660652160645
2921,9.980907440185547
2922,4.756266117095947
2923,4.642429828643799
2924,12.196093559265137
2925,8.022546768188477
2926,8.622171401977539
2927,14.438945770263672
2928,16.533496856689453
2929,16.848058700561523
2930,18.236478805541992
2931,19.638704299926758
2932,15.05508041381836
2933,11.466718673706055
2934,12.18675422668457
2935,12.590901374816895
2936,10.363250732421875
2937,16.759435653686523
2938,17.086013793945312
2939,7.952799320220947
2940,8.276079177856445
2941,6.942183971405029
2942,7.167047500610352
2943,11.811259269714355
2944,13.178439140319824
2945,11.030733108520508
2946,19.12514877319336
2947,13.775656700134277
2948,16.112598419189453
2949,17.49811363220215
2950,12.775117874145508
2951,18.275930404663086
2952,7.067892551422119
2953,13.592615127563477
2954,9.28656005859375
2955,5.794919490814209
2956,7.5685648918151855
2957,7.248631477355957
2958,6.55287504196167
2959,10.780657768249512
2960,13.201891899108887
2961,8.254252433776855
2962,3.5694210529327393
2963,9.865218162536621
2964,10.998920440673828
2965,7.307998180389404
2966,4.150635242462158
2967,6.4933295249938965
2968,10.614190101623535
2969,13.949675559997559
2970,15.414206504821777
2971,12.860458374023438
2972,17.993906021118164
2973,14.201092720031738
2974,17.37473487854004
2975,16.808597564697266
2976,12.190258979797363
2977,15.805205345153809
2978,4.481807231903076
2979,4.411952495574951
2980,6.6254496574401855
2981,8.399380683898926
2982,5.6643452644348145
2983,10.250415802001953
2984,11.104696273803711
2985,15.332001686096191
2986,15.476975440979004
2987,12.347996711730957
2988,8.682923316955566
2989,13.925042152404785
2990,12.490252494812012
2991,20.10512924194336
2992,14.612004280090332
2993,11.141934394836426
2994,16.138946533203125
2995,8.657604217529297
2996,7.398303508758545
2997,11.793789863586426
2998,12.186389923095703
2999,14.258988380432129
3000,7.982755661010742
3001,17.17546844482422
3002,16.581209182739258
3003,18.855619430541992
3004,16.123960494995117
3005,19.263553619384766
3006,12.606084823608398
3007,12.742058753967285
3008,12.579625129699707
3009,8.027281761169434
3010,5.410335063934326
3011,8.748380661010742
3012,6.392524242401123
3013,13.8521089553833
3014,9.605754852294922
3015,11.305636405944824
3016,11.975264549255371
3017,16.22128677368164
3018,13.22543716430664
3019,14.436944007873535
3020,8.435376167297363
3021,9.712702751159668
3022,14.758809089660645
3023,11.843278884887695
3024,9.526277542114258
3025,11.591689109802246
3026,9.980826377868652
3027,9.604317665100098
3028,12.600028038024902
3029,10.006591796875
3030,14.180535316467285
3031,10.018842697143555
3032,7.991145610809326
3033,8.894552230834961
3034,16.091196060180664
3035,9.125448226928711
3036,12.957379341125488
3037,8.99756908416748
3038,16.19095802307129
3039,14.134336471557617
3040,11.55539608001709
3041,8.112113952636719
3042,5.953621864318848
3043,6.369304180145264
3044,10.122207641601562
3045,6.029829025268555
3046,9.317852973937988
3047,11.910637855529785
3048,13.128360748291016
3049,24.263813018798828
3050,14.905447006225586
3051,9.180742263793945
3052,8.835643768310547
3053,5.625870227813721
3054,5.6645002365112305
3055,6.806162357330322
3056,6.312673568725586
3057,4.431307792663574
3058,3.8527467250823975
3059,5.64211893081665
3060,7.808273792266846
3061,8.32485294342041
3062,8.716806411743164
3063,3.623704195022583
3064,5.313418388366699
3065,4.768815517425537
3066,12.606677055358887
3067,8.721242904663086
3068,7.774532318115234
3069,13.199600219726562
3070,13.70153522491455
3071,5.782471179962158
3072,13.969745635986328
3073,8.513797760009766
3074,8.94474983215332
3075,5.246123790740967
3076,8.573633193969727
3077,6.05164909362793
3078,12.196381568908691
3079,10.23300552368164
3080,10.978954315185547
3081,8.787407875061035
3082,11.226268768310547
3083,13.152326583862305
3084,15.694686889648438
3085,10.313217163085938
3086,9.863930702209473
3087,6.10284423828125
3088,7.036600112915039
3089,4.544107437133789
3090,5.090856075286865
3091,8.340591430664062
3092,9.338724136352539
3093,11.372029304504395
3094,12.077938079833984
3095,13.561585426330566
3096,10.876401901245117
3097,8.179194450378418
3098,9.761417388916016
3099,8.677522659301758
3100,9.543936729431152
3101,10.789822578430176
3102,7.750341415405273
3103,12.65722942352295
3104,9.69237995147705
3105,12.308116912841797
3106,8.896499633789062
3107,7.385981559753418
3108,9.558270454406738
3109,7.848743438720703
3110,8.143957138061523
3111,6.707058429718018
3112,10.487752914428711
3113,11.083784103393555
3114,14.306705474853516
3115,13.469367980957031
3116,18.136323928833008
3117,15.91841983795166
3118,15.952051162719727
3119,17.292699813842773
3120,12.478891372680664
3121,19.808691024780273
3122,15.283004760742188
3123,10.58253002166748
3124,10.82752799987793
3125,14.10952377319336
3126,9.506362915039062
3127,15.09959888458252
3128,18.371606826782227
3129,10.700369834899902
3130,9.440462112426758
3131,11.045233726501465
3132,8.416973114013672
3133,9.283758163452148
3134,12.60523796081543
3135,11.98151969909668
3136,15.359844207763672
3137,12.27982234954834
3138,12.450394630432129
3139,12.518495559692383
3140,11.540923118591309
3141,12.443337440490723
3142,9.494141578674316
3143,10.11168098449707
3144,9.119455337524414
3145,8.870000839233398
3146,6.2215094566345215
3147,4.6135029792785645
3148,7.77335786819458
3149,6.034640789031982
3150,5.1519694328308105
3151,5.366142749786377
3152,10.025766372680664
3153,10.103195190429688
3154,13.005755424499512
3155,13.484490394592285
3156,15.995997428894043
3157,13.247495651245117
3158,14.294607162475586
3159,11.148200035095215
3160,9.067724227905273
3161,8.20844841003418
3162,6.700189590454102
3163,6.393465995788574
3164,4.672241687774658
3165,5.39594030380249
3166,6.430048942565918
3167,5.47963809967041
3168,9.49471378326416
3169,8.782907485961914
3170,11.446334838867188
3171,12.66909408569336
3172,8.943918228149414
3173,9.243413925170898
3174,13.781457901000977
3175,7.468830108642578
3176,12.49014949798584
3177,6.398423194885254
3178,9.308541297912598
3179,5.422428607940674
3180,9.395380020141602
3181,9.89459228515625
3182,14.001975059509277
3183,3.0074257850646973
3184,2.3214805126190186
3185,2.5899250507354736
3186,6.090534210205078
3187,6.498393535614014
3188,6.783482551574707
3189,9.089298248291016
3190,13.884758949279785
3191,16.97530174255371
3192,12.107084274291992
3193,14.506194114685059
3194,15.061177253723145
3195,14.542794227600098
3196,16.506772994995117
3197,13.19437026977539
3198,7.987429618835449
3199,7.715071678161621
3200,6.069770812988281
3201,5.774776458740234
3202,6.572608947753906
3203,7.008513450622559
3204,10.72575855255127
3205,7.529409885406494
3206,5.17043924331665
3207,13.638787269592285
3208,14.690726280212402
3209,17.42628288269043
3210,16.759937286376953
3211,19.5881404876709
3212,11.616842269897461
3213,17.203495025634766
3214,11.24947452545166
3215,9.28783893585205
3216,7.506317615509033
3217,8.327025413513184
3218,11.123235702514648
3219,6.547471046447754
3220,9.214359283447266
3221,9.294723510742188
3222,8.33403205871582
3223,5.728617191314697
3224,7.988722324371338
3225,11.147170066833496
3226,2.7000880241394043
3227,2.6890482902526855
3228,4.663409233093262
3229,6.863145351409912
3230,9.899374961853027
3231,6.131568908691406
3232,6.416653156280518
3233,5.879755973815918
3234,5.456509590148926
3235,11.883747100830078
3236,10.634971618652344
3237,6.215708255767822
3238,8.0169677734375
3239,15.543037414550781
3240,9.576913833618164
3241,12.383195877075195
3242,21.637718200683594
3243,16.816225051879883
3244,7.773610591888428
3245,9.722528457641602
3246,11.775117874145508
3247,7.909616470336914
3248,6.3891825675964355
3249,2.233262538909912
3250,7.48014497756958
3251,10.123666763305664
3252,9.310458183288574
3253,11.212925910949707
3254,14.020371437072754
3255,12.671392440795898
3256,17.418216705322266
3257,14.794143676757812
3258,24.302358627319336
3259,18.75510025024414
3260,16.56949806213379
3261,10.073530197143555
3262,14.521316528320312
3263,11.489622116088867
3264,6.9557342529296875
3265,6.089404582977295
3266,6.0956220626831055
3267,5.621583461761475
3268,9.824793815612793
3269,10.376250267028809
3270,12.312870979309082
3271,14.566040992736816
3272,15.329720497131348
3273,13.895764350891113
3274,19.20940399169922
3275,17.907325744628906
3276,12.788187980651855
3277,15.92392349243164
3278,8.93520736694336
3279,9.794164657592773
3280,10.693079948425293
3281,4.990316867828369
3282,5.765026092529297
3283,5.181832790374756
3284,5.884954929351807
3285,5.002055644989014
3286,8.056254386901855
3287,9.6508207321167
3288,11.103687286376953
3289,16.364578247070312
3290,13.16569995880127
3291,15.902549743652344
3292,19.085941314697266
3293,15.560323715209961
3294,16.269237518310547
3295,17.367431640625
3296,21.779632568359375
3297,8.277694702148438
3298,12.76956558227539
3299,15.663769721984863
3300,7.14348030090332
3301,12.861381530761719
3302,13.969325065612793
3303,6.716880798339844
3304,7.525453567504883
3305,9.464006423950195
3306,10.282076835632324
3307,15.26235294342041
3308,11.279218673706055
3309,10.233429908752441
3310,9.589612007141113
3311,9.65838623046875
3312,12.921440124511719
3313,11.015739440917969
3314,12.892515182495117
3315,9.338980674743652
3316,12.283156394958496
3317,16.1069278717041
3318,11.640042304992676
3319,15.610332489013672
3320,10.113587379455566
3321,15.010110855102539
3322,10.393649101257324
3323,9.651435852050781
3324,7.079372882843018
3325,14.031593322753906
3326,12.163745880126953
3327,12.336947441101074
3328,15.989171028137207
3329,12.927410125732422
3330,14.244997024536133
3331,22.662134170532227
3332,14.195127487182617
3333,19.387248992919922
3334,10.314340591430664
3335,10.413344383239746
3336,7.699696063995361
3337,3.677849054336548
3338,4.872259616851807
3339,3.912992477416992
3340,2.5857324600219727
3341,1.7011094093322754
3342,1.3345626592636108
3343,2.350517988204956
3344,3.841540575027466
3345,7.432137489318848
3346,7.576014995574951
3347,7.14744758605957
3348,8.849522590637207
3349,12.6983642578125
3350,17.39820098876953
3351,15.23928451538086
3352,15.264995574951172
3353,13.223302841186523
3354,11.379666328430176
3355,13.39709758758545
3356,10.69667911529541
3357,11.729318618774414
3358,11.171184539794922
3359,11.981696128845215
3360,6.014009952545166
3361,7.230539321899414
3362,11.577588081359863
3363,7.525284767150879
3364,10.038705825805664
3365,7.865143299102783
3366,7.91316032409668
3367,4.58367395401001
3368,6.718371868133545
3369,8.248947143554688
3370,5.505336284637451
3371,6.095168113708496
3372,5.854629993438721
3373,9.975862503051758
3374,8.733325004577637
3375,9.22597885131836
3376,8.293477058410645
3377,15.57816219329834
3378,15.549784660339355
3379,15.920350074768066
3380,14.743088722229004
3381,14.128538131713867
3382,11.054094314575195
3383,9.340993881225586
3384,12.40346908569336
3385,8.577414512634277
3386,5.099469184875488
3387,10.787858963012695
3388,11.57872200012207
3389,12.866645812988281
3390,14.787373542785645
3391,18.8614444732666
3392,14.782784461975098
3393,22.659019470214844
3394,21.098024368286133
3395,17.21232795715332
3396,9.32986831665039
3397,13.326478004455566
3398,3.2820446491241455
3399,2.037105083465576
3400,0.0
3401,0.0
3402,3.4385910034179688
3403,6.606393814086914
3404,5.545643329620361
3405,4.103108882904053
3406,13.90855884552002
3407,10.328944206237793
3408,11.334319114685059
3409,14.314189910888672
3410,16.730571746826172
3411,10.856173515319824
3412,15.530557632446289
3413,11.540339469909668
3414,12.119305610656738
3415,8.977604866027832
3416,9.797150611877441
3417,9.785531997680664
3418,10.908310890197754
3419,4.496281147003174
3420,2.2384157180786133
3421,4.569494724273682
3422,7.248009204864502
3423,10.785598754882812
3424,10.475973129272461
3425,10.024462699890137
3426,10.9328031539917
3427,11.473128318786621
3428,8.648568153381348
3429,7.744033336639404
3430,11.172592163085938
3431,9.364559173583984
3432,10.342988967895508
3433,6.1216301918029785
3434,12.21911907196045
3435,13.988837242126465
3436,16.233556747436523
3437,12.074739456176758
3438,15.9732666015625
3439,15.453092575073242
3440,13.901385307312012
3441,13.082928657531738
3442,16.08259391784668
3443,16.1450252532959
3444,8.919172286987305
3445,9.439963340759277
3446,9.27756404876709
3447,10.951401710510254
3448,11.999349594116211
3449,16.988815307617188
3450,15.077731132507324
3451,15.15772819519043
3452,14.018163681030273
3453,14.65416431427002
3454,13.932068824768066
3455,10.698455810546875
3456,15.007328033447266
3457,12.607921600341797
3458,11.184109687805176
3459,11.954521179199219
3460,7.169657230377197
3461,6.241811752319336
3462,2.492527961730957
3463,3.3746864795684814
3464,3.8461215496063232
3465,7.004549980163574
3466,6.920332431793213
3467,6.7704949378967285
3468,11.979424476623535
3469,14.387324333190918
3470,16.135168075561523
3471,24.347158432006836
3472,14.73068618774414
3473,15.374361991882324
3474,22.815168380737305
3475,14.340076446533203
3476,15.545342445373535
3477,9.33702564239502
3478,6.344735622406006
3479,7.625062465667725
3480,5.407812118530273
3481,8.787919044494629
3482,8.452648162841797
3483,7.020883560180664
3484,7.179785251617432
3485,9.04660701751709
3486,10.873971939086914
3487,6.8593926429748535
3488,7.183071136474609
3489,11.629173278808594
3490,11.86946964263916
3491,6.6300249099731445
3492,6.316240310668945
3493,11.03454875946045
3494,6.23327112197876
3495,2.508183240890503
3496,11.151776313781738
3497,8.297015190124512
3498,9.963807106018066
3499,11.310578346252441
3500,7.886536121368408
3501,10.873164176940918
3502,12.50310230255127
3503,10.517518997192383
3504,10.087601661682129
3505,15.34897518157959
3506,10.104511260986328
3507,8.564618110656738
3508,7.372554302215576
3509,2.834627628326416
3510,3.6687910556793213
3511,6.726712226867676
3512,10.141349792480469
3513,11.299436569213867
3514,12.554362297058105
3515,13.722652435302734
3516,13.473261833190918
3517,23.239404678344727
3518,9.749480247497559
3519,11.854856491088867
3520,13.835561752319336
3521,6.900611877441406
3522,9.242829322814941
3523,12.46053695678711
3524,9.854150772094727
3525,11.575586318969727
3526,9.33201789855957
3527,19.753700256347656
3528,13.709930419921875
3529,14.652084350585938
3530,11.893532752990723
3531,12.308069229125977
3532,9.105356216430664
3533,12.161211967468262
3534,8.033217430114746
3535,9.832179069519043
3536,6.541971206665039
3537,6.628118515014648
3538,8.452325820922852
3539,5.120369911193848
3540,6.986574649810791
3541,6.227692604064941
3542,8.551273345947266
3543,7.203553676605225
3544,10.723663330078125
3545,13.139959335327148
3546,15.416834831237793
3547,13.16006088256836
3548,20.90538787841797
3549,13.753981590270996
3550,17.045875549316406
3551,10.399237632751465
3552,14.111395835876465
3553,9.818245887756348
3554,6.641544342041016
3555,8.638825416564941
3556,11.336679458618164
3557,14.243707656860352
3558,11.16441535949707
3559,10.086014747619629
3560,9.605944633483887
3561,18.395517349243164
3562,5.717988014221191
3563,8.174331665039062
3564,9.637457847595215
3565,13.021075248718262
3566,11.370933532714844
3567,15.486502647399902
3568,8.016226768493652
3569,13.726791381835938
3570,12.677221298217773
3571,9.579436302185059
3572,7.247879981994629
3573,8.508191108703613
3574,7.919442176818848
3575,6.4904093742370605
3576,10.949379920959473
3577,10.196419715881348
3578,5.6797709465026855
3579,7.729639053344727
3580,9.252755165100098
3581,8.43643856048584
3582,11.613691329956055
3583,10.967385292053223
3584,8.647492408752441
3585,9.242097854614258
3586,6.760604381561279
3587,5.923442840576172
3588,13.81140422821045
3589,8.365242004394531
3590,15.657401084899902
3591,9.025033950805664
3592,5.291776657104492
3593,8.453560829162598
3594,5.215312480926514
3595,7.479571342468262
3596,6.4847869873046875
3597,5.834993362426758
3598,10.638084411621094
3599,8.39477825164795
3600,10.528135299682617
3601,12.179170608520508
3602,11.39907169342041
3603,14.226105690002441
3604,10.378877639770508
3605,7.5817461013793945
3606,10.5447998046875
3607,4.976801872253418
3608,4.236954689025879
3609,6.204630374908447
3610,6.045581340789795
3611,8.669930458068848
3612,14.528432846069336
3613,14.159001350402832
3614,13.567853927612305
3615,17.280675888061523
3616,14.545228958129883
3617,19.783483505249023
3618,11.9616060256958
3619,15.042734146118164
3620,17.57575225830078
3621,10.524617195129395
3622,20.03882598876953
3623,12.113429069519043
3624,11.020315170288086
3625,6.027131080627441
3626,7.270462989807129
3627,5.697322368621826
3628,6.261897087097168
3629,6.4375128746032715
3630,7.581473350524902
3631,14.276949882507324
3632,17.62403106689453
3633,18.622234344482422
3634,17.08037757873535
3635,17.13873291015625
3636,22.164058685302734
3637,19.62993049621582
3638,14.866756439208984
3639,20.106420516967773
3640,14.919650077819824
3641,6.651395320892334
3642,3.7424275875091553
3643,6.501089096069336
3644,5.541971206665039
3645,4.764376640319824
3646,4.988129615783691
3647,6.163300037384033
3648,5.508480072021484
3649,10.740599632263184
3650,6.936926364898682
3651,9.316047668457031
3652,7.162477970123291
3653,7.784884929656982
3654,10.076547622680664
3655,11.724299430847168
3656,12.320612907409668
3657,12.679247856140137
3658,7.15110969543457
3659,7.827549934387207
3660,6.617395401000977
3661,8.380919456481934
3662,6.5595574378967285
3663,10.093366622924805
3664,16.676254272460938
3665,18.552289962768555
3666,18.023555755615234
3667,26.608200073242188
3668,25.280990600585938
3669,21.879934310913086
3670,20.565866470336914
3671,14.11819076538086
3672,15.743587493896484
3673,14.279589653015137
3674,8.227559089660645
3675,12.02550983428955
3676,8.81784725189209
3677,6.595767021179199
3678,5.151384353637695
3679,6.481919288635254
3680,8.05418872833252
3681,7.562690734863281
3682,11.788322448730469
3683,11.038468360900879
3684,10.576208114624023
3685,11.530909538269043
3686,17.650426864624023
3687,14.104783058166504
3688,12.000991821289062
3689,17.25591278076172
3690,16.157970428466797
3691,14.01240348815918
3692,14.88782024383545
3693,13.771845817565918
3694,13.062542915344238
3695,11.378419876098633
3696,10.726760864257812
3697,12.26707649230957
3698,18.32706642150879
3699,22.074169158935547
3700,18.224767684936523
3701,15.325398445129395
3702,14.064654350280762
3703,8.454442024230957
3704,10.192166328430176
3705,8.74213981628418
3706,14.622693061828613
3707,11.623964309692383
3708,8.35437297821045
3709,11.58486557006836
3710,7.790802478790283
3711,10.036155700683594
3712,8.980233192443848
3713,11.953133583068848
3714,11.993711471557617
3715,8.622892379760742
3716,17.745758056640625
3717,6.100445747375488
3718,15.518256187438965
3719,12.643943786621094
3720,13.767523765563965
3721,9.891969680786133
3722,11.046809196472168
3723,14.209028244018555
3724,17.136594772338867
3725,11.365354537963867
3726,12.274459838867188
3727,12.970016479492188
3728,5.376613616943359
3729,8.70850658416748
3730,5.490307331085205
3731,5.0386810302734375
3732,7.826878070831299
3733,9.62494945526123
3734,12.014094352722168
3735,12.093071937561035
3736,14.525897979736328
3737,9.074002265930176
3738,15.542738914489746
3739,11.85816764831543
3740,7.390451908111572
3741,12.761640548706055
3742,8.344873428344727
3743,7.55741024017334
3744,14.14958381652832
3745,5.483338356018066
3746,5.66096830368042
3747,6.382538795471191
3748,3.69240140914917
3749,2.699918270111084
3750,3.4582231044769287
3751,7.251936435699463
3752,9.12567138671875
3753,10.440530776977539
3754,8.153355598449707
3755,9.880507469177246
3756,10.43840503692627
3757,10.805298805236816
3758,6.181638717651367
3759,6.791101932525635
3760,7.370583534240723
3761,6.222996711730957
3762,2.2493011951446533
3763,1.6737322807312012
3764,3.514962673187256
3765,2.743582010269165
3766,3.1859686374664307
3767,1.8853747844696045
3768,5.404695987701416
3769,6.674676418304443
3770,12.979881286621094
3771,10.82580852508545
3772,7.465842247009277
3773,7.06364631652832
3774,10.128754615783691
3775,9.567684173583984
3776,8.229196548461914
3777,12.362173080444336
3778,9.57165813446045
3779,6.526731967926025
3780,10.742605209350586
3781,5.5795464515686035
3782,5.01439905166626
3783,7.4835662841796875
3784,9.046222686767578
3785,5.907495498657227
3786,7.815377712249756
3787,13.89028549194336
3788,7.899771213531494
3789,10.663823127746582
3790,10.162582397460938
3791,7.560376167297363
3792,7.648724555969238
3793,9.171969413757324
3794,8.141729354858398
3795,5.956353187561035
3796,8.8907470703125
3797,9.529125213623047
3798,7.545950889587402
3799,6.9096784591674805
3800,5.998326778411865
3801,5.2357707023620605
3802,5.558994293212891
3803,8.948335647583008
3804,7.996340751647949
3805,10.910279273986816
3806,10.87525463104248
3807,8.835816383361816
3808,12.254480361938477
3809,12.871880531311035
3810,10.969517707824707
3811,12.444365501403809
3812,13.16533374786377
3813,7.8703107833862305
3814,8.585869789123535
3815,11.29084587097168
3816,8.31723403930664
3817,9.86301040649414
3818,7.136967658996582
3819,5.137325286865234
3820,7.64061975479126
3821,5.9704155921936035
3822,3.139352798461914
3823,4.2658281326293945
3824,7.378115653991699
3825,8.88806438446045
3826,10.912710189819336
3827,13.452595710754395
3828,11.611418724060059
3829,16.20020294189453
3830,17.508581161499023
3831,18.343448638916016
3832,20.424070358276367
3833,34.05847930908203
3834,11.527584075927734
3835,10.947490692138672
3836,10.81546688079834
3837,15.933723449707031
3838,11.483922004699707
3839,8.764472007751465
3840,7.595783710479736
3841,6.478179454803467
3842,6.388494491577148
3843,7.00063419342041
3844,10.654012680053711
3845,8.131317138671875
3846,7.04340934753418
3847,5.170004844665527
3848,10.91707992553711
3849,9.427947044372559
3850,13.662402153015137
3851,11.05087947845459
3852,10.29743480682373
3853,14.205824851989746
3854,7.855622291564941
3855,8.250887870788574
3856,19.116762161254883
3857,18.015336990356445
3858,17.65703773498535
3859,19.571714401245117
3860,21.274484634399414
3861,35.136680603027344
3862,18.05678939819336
3863,9.969014167785645
3864,12.78892993927002
3865,9.658621788024902
3866,7.720803737640381
3867,8.630218505859375
3868,11.812541961669922
3869,4.30982780456543
3870,6.736602783203125
3871,8.19882583618164
3872,9.506607055664062
3873,8.773520469665527
3874,12.868496894836426
3875,12.239569664001465
3876,21.362459182739258
3877,12.874414443969727
3878,12.20866870880127
3879,10.982003211975098
3880,14.208535194396973
3881,9.18373966217041
3882,8.005210876464844
3883,10.279742240905762
3884,9.679611206054688
3885,6.647012233734131
3886,6.58987283706665
3887,11.3381986618042
3888,15.955375671386719
3889,10.8305082321167
3890,8.025097846984863
3891,11.07547664642334
3892,10.568790435791016
3893,17.090335845947266
3894,11.169703483581543
3895,7.886034965515137
3896,8.77755069732666
3897,11.6244535446167
3898,13.098880767822266
3899,9.901350975036621
3900,13.748384475708008
3901,8.686700820922852
3902,11.487105369567871
3903,10.558990478515625
3904,9.17607307434082
3905,9.569252014160156
3906,14.910391807556152
3907,11.27779483795166
3908,11.61902904510498
3909,10.006525993347168
3910,7.23486852645874
3911,5.317102432250977
3912,8.669461250305176
3913,3.306406021118164
3914,8.300468444824219
3915,9.345646858215332
3916,10.444504737854004
3917,10.50062370300293
3918,11.375651359558105
3919,15.66745376586914
3920,12.393348693847656
3921,14.431464195251465
3922,10.143952369689941
3923,14.582980155944824
3924,10.711614608764648
3925,11.87903881072998
3926,9.778820991516113
3927,18.536373138427734
3928,6.495804786682129
3929,5.896625518798828
3930,6.664305210113525
3931,5.668981552124023
3932,6.733946323394775
3933,7.385680675506592
3934,9.074897766113281
3935,10.318989753723145
3936,10.301271438598633
3937,8.380459785461426
3938,9.165095329284668
3939,7.7919087409973145
3940,9.067185401916504
3941,13.987524032592773
3942,17.54547119140625
3943,7.561773777008057
3944,10.5322265625
3945,9.251590728759766
3946,9.947305679321289
3947,10.60372543334961
3948,22.086904525756836
3949,9.568020820617676
3950,16.470075607299805
3951,27.94017219543457
3952,19.04213523864746
3953,16.626420974731445
3954,6.009347915649414
3955,13.42113208770752
3956,6.37992000579834
3957,8.328681945800781
3958,4.984136581420898
3959,8.827735900878906
3960,4.759479522705078
3961,2.0244178771972656
3962,3.218883991241455
3963,7.652093887329102
3964,6.455023765563965
3965,8.485349655151367
3966,10.005748748779297
3967,8.619691848754883
3968,11.854146957397461
3969,12.033008575439453
3970,13.404553413391113
3971,16.9813289642334
3972,10.44689655303955
3973,14.550631523132324
3974,18.303115844726562
3975,16.573589324951172
3976,8.944064140319824
3977,12.235040664672852
3978,8.925113677978516
3979,12.02599811553955
3980,9.714241981506348
3981,13.158761978149414
3982,10.998892784118652
3983,9.372030258178711
3984,21.759675979614258
3985,15.865602493286133
3986,9.568839073181152
3987,5.949382305145264
3988,10.737629890441895
3989,13.433847427368164
3990,14.424285888671875
3991,15.99902057647705
3992,9.315805435180664
3993,8.647500991821289
3994,9.236348152160645
3995,13.27490234375
3996,10.967323303222656
3997,8.918967247009277
3998,9.362133979797363
3999,10.355472564697266
4000,6.192728042602539
4001,14.330973625183105
4002,9.610030174255371
4003,8.432668685913086
4004,9.799833297729492
4005,11.249848365783691
4006,10.212772369384766
4007,11.518967628479004
4008,15.80624008178711
4009,13.423368453979492
4010,11.359825134277344
4011,13.243207931518555
4012,12.906400680541992
4013,13.996807098388672
4014,14.703598976135254
4015,14.429498672485352
4016,11.665276527404785
4017,11.74827766418457
4018,9.185564994812012
4019,8.122370719909668
4020,15.954670906066895
4021,11.145294189453125
4022,17.901613235473633
4023,11.26430606842041
4024,12.819160461425781
4025,15.86081600189209
4026,12.122381210327148
4027,11.945343971252441
4028,10.497330665588379
4029,10.477648735046387
4030,10.862475395202637
4031,15.166388511657715
4032,11.818073272705078
4033,4.7815775871276855
4034,2.4839422702789307
4035,4.786769390106201
4036,6.834317684173584
4037,10.484042167663574
4038,10.574796676635742
4039,9.164549827575684
4040,12.654642105102539
4041,12.911516189575195
4042,11.001017570495605
4043,14.417685508728027
4044,11.675760269165039
4045,11.9252290725708
4046,12.34646987915039
4047,12.624305725097656
4048,11.887105941772461
4049,13.640231132507324
4050,7.1373491287231445
4051,5.075634479522705
4052,7.418723106384277
4053,5.41041374206543
4054,7.2834978103637695
4055,9.700329780578613
4056,15.993414878845215
4057,9.795160293579102
4058,13.484466552734375
4059,13.450325012207031
4060,11.651217460632324
4061,13.717634201049805
4062,10.293305397033691
4063,8.430071830749512
4064,7.452955722808838
4065,5.690105438232422
4066,0.6906566023826599
4067,3.665745258331299
4068,4.423174858093262
4069,3.8077688217163086
4070,6.876914024353027
4071,12.661499977111816
4072,13.085012435913086
4073,14.347589492797852
4074,19.9486141204834
4075,18.5988826751709
4076,18.049814224243164
4077,13.69097900390625
4078,18.979473114013672
4079,15.368200302124023
4080,11.138179779052734
4081,7.902020454406738
4082,12.602461814880371
4083,6.53012752532959
4084,3.679332733154297
4085,6.175294876098633
4086,8.484151840209961
4087,9.693910598754883
4088,8.375267028808594
4089,10.833818435668945
4090,12.735754013061523
4091,6.739940166473389
4092,12.134754180908203
4093,8.491472244262695
4094,6.135058403015137
4095,8.416267395019531
4096,4.699886322021484
4097,4.969025611877441
4098,9.995138168334961
4099,7.532477378845215
4100,7.784673690795898
4101,8.307144165039062
4102,13.374041557312012
4103,11.29555892944336
4104,8.884885787963867
4105,10.786596298217773
4106,14.45395278930664
4107,12.18480110168457
4108,13.001568794250488
4109,17.002182006835938
4110,5.208889961242676
4111,8.63882064819336
4112,4.9971489906311035
4113,6.0671586990356445
4114,7.038903713226318
4115,9.202913284301758
4116,10.618696212768555
4117,8.576227188110352
4118,7.090921401977539
4119,8.870315551757812
4120,9.913851737976074
4121,9.070968627929688
4122,9.815679550170898
4123,10.567336082458496
4124,10.499970436096191
4125,12.199854850769043
4126,12.083884239196777
4127,7.369290351867676
4128,10.291006088256836
4129,11.548303604125977
4130,11.252872467041016
4131,13.551928520202637
4132,10.825640678405762
4133,11.295206069946289
4134,12.280051231384277
4135,18.399288177490234
4136,11.308170318603516
4137,13.655882835388184
4138,10.164840698242188
4139,11.05058479309082
4140,11.142304420471191
4141,6.887762546539307
4142,6.387538909912109
4143,7.445896148681641
4144,5.12494421005249
4145,5.857141494750977
4146,10.840472221374512
4147,6.497472286224365
4148,13.558759689331055
4149,14.27549934387207
4150,16.99837303161621
4151,16.794666290283203
4152,9.441669464111328
4153,9.898972511291504
4154,6.395281791687012
4155,9.321351051330566
4156,4.2668023109436035
4157,3.9124417304992676
4158,3.257896900177002
4159,3.817196846008301
4160,3.5196714401245117
4161,8.066277503967285
4162,9.423351287841797
4163,9.068325996398926
4164,10.087479591369629
4165,15.023231506347656
4166,11.794133186340332
4167,12.474296569824219
4168,16.75520133972168
4169,13.385401725769043
4170,9.553041458129883
4171,11.793371200561523
4172,5.789538860321045
4173,6.940274715423584
4174,8.79308032989502
4175,5.608814239501953
4176,4.8037943840026855
4177,4.194520473480225
4178,2.5459630489349365
4179,1.946513056755066
4180,4.297711372375488
4181,4.970832824707031
4182,3.33981990814209
4183,6.023326396942139
4184,9.964770317077637
4185,10.885785102844238
4186,13.295809745788574
4187,12.604305267333984
4188,12.486387252807617
4189,10.47041130065918
4190,11.484823226928711
4191,9.751011848449707
4192,8.830497741699219
4193,7.760896682739258
4194,19.12900733947754
4195,10.596064567565918
4196,12.199989318847656
4197,10.487396240234375
4198,12.861173629760742
4199,13.360383033752441
4200,7.817843914031982
4201,12.930480003356934
4202,9.713289260864258
4203,12.275738716125488
4204,4.199084758758545
4205,5.414559841156006
4206,4.979835510253906
4207,4.676296234130859
4208,4.37359619140625
4209,10.497244834899902
4210,8.030752182006836
4211,12.439913749694824
4212,9.752684593200684
4213,7.8316264152526855
4214,7.125244140625
4215,11.560535430908203
4216,11.729940414428711
4217,12.201126098632812
4218,15.412585258483887
4219,15.499308586120605
4220,14.123002052307129
4221,15.380793571472168
4222,13.225934982299805
4223,11.359251976013184
4224,11.2566556930542
4225,10.061175346374512
4226,9.670190811157227
4227,6.277976036071777
4228,10.905871391296387
4229,12.51216983795166
4230,11.411494255065918
4231,8.181943893432617
4232,7.481288909912109
4233,12.22681713104248
4234,10.16528606414795
4235,8.682002067565918
4236,11.744828224182129
4237,7.98335599899292
4238,11.357988357543945
4239,8.974847793579102
4240,10.812784194946289
4241,10.679272651672363
4242,11.634855270385742
4243,11.983922958374023
4244,11.82395076751709
4245,9.944594383239746
4246,13.540092468261719
4247,6.914886474609375
4248,15.84286117553711
4249,7.867202281951904
4250,10.877599716186523
4251,10.051440238952637
4252,14.487804412841797
4253,13.003629684448242
4254,9.66574764251709
4255,11.261112213134766
4256,9.95528793334961
4257,16.122785568237305
4258,11.07374382019043
4259,12.560794830322266
4260,12.799887657165527
4261,8.877412796020508
4262,9.731546401977539
4263,7.908944129943848
4264,11.517792701721191
4265,10.884918212890625
4266,13.114856719970703
4267,12.952773094177246
4268,9.893012046813965
4269,12.592874526977539
4270,13.569156646728516
4271,7.609666347503662
4272,7.626455783843994
4273,11.894338607788086
4274,6.231579303741455
4275,6.754180431365967
4276,9.017635345458984
4277,11.63465404510498
4278,12.648356437683105
4279,8.694355010986328
4280,8.33251667022705
4281,7.629326343536377
4282,9.939993858337402
4283,17.707563400268555
4284,17.255146026611328
4285,12.868505477905273
4286,15.19615650177002
4287,12.390586853027344
4288,18.528528213500977
4289,10.847726821899414
4290,12.72032356262207
4291,15.313088417053223
4292,7.408351421356201
4293,6.806597709655762
4294,6.369833469390869
4295,8.829573631286621
4296,7.437957286834717
4297,6.439899921417236
4298,3.598278284072876
4299,4.949284076690674
4300,5.868602275848389
4301,8.644214630126953
4302,7.607021808624268
4303,9.933150291442871
4304,13.028035163879395
4305,14.697568893432617
4306,14.524497985839844
4307,11.63475227355957
4308,12.093734741210938
4309,21.94868278503418
4310,16.53410530090332
4311,9.434117317199707
4312,10.132270812988281
4313,5.010252475738525
4314,5.654286861419678
4315,3.28886342048645
4316,6.877945899963379
4317,7.54712438583374
4318,12.61024284362793
4319,11.839079856872559
4320,15.376070022583008
4321,14.289352416992188
4322,12.837767601013184
4323,15.53908920288086
4324,16.64154815673828
4325,15.90932846069336
4326,11.415879249572754
4327,9.495088577270508
4328,6.499342918395996
4329,9.448755264282227
4330,11.774711608886719
4331,8.944814682006836
4332,9.122544288635254
4333,10.623038291931152
4334,10.310916900634766
4335,7.064489841461182
4336,7.1284074783325195
4337,7.9783735275268555
4338,4.899058818817139
4339,3.9323670864105225
4340,6.95202112197876
4341,3.503413438796997
4342,0.33910611271858215
4343,3.5643436908721924
4344,5.399100303649902
4345,6.320464134216309
4346,6.162139892578125
4347,5.399837970733643
4348,6.937807559967041
4349,9.025107383728027
4350,6.859320640563965
4351,8.053378105163574
4352,9.473158836364746
4353,9.560327529907227
4354,8.8698148727417
4355,7.015049934387207
4356,7.9246320724487305
4357,7.879024505615234
4358,11.943476676940918
4359,8.491544723510742
4360,10.975773811340332
4361,6.95125675201416
4362,5.536536693572998
4363,9.812698364257812
4364,11.804620742797852
4365,13.441155433654785
4366,17.198408126831055
4367,14.00954818725586
4368,9.155129432678223
4369,8.177323341369629
4370,12.658708572387695
4371,10.190850257873535
4372,7.196690559387207
4373,8.285064697265625
4374,7.156750202178955
4375,5.464489459991455
4376,5.562167644500732
4377,9.355122566223145
4378,9.208026885986328
4379,9.795145988464355
4380,12.849495887756348
4381,15.1194429397583
4382,11.375054359436035
4383,16.522523880004883
4384,18.4405460357666
4385,15.261184692382812
4386,18.779644012451172
4387,14.766141891479492
4388,9.745211601257324
4389,10.689186096191406
4390,16.402177810668945
4391,12.30108642578125
4392,7.398798942565918
4393,6.905282974243164
4394,8.882990837097168
4395,4.638315677642822
4396,5.872407913208008
4397,8.775935173034668
4398,12.639201164245605
4399,8.430852890014648
4400,11.725240707397461
4401,14.438886642456055
4402,12.610533714294434
4403,10.089141845703125
4404,11.212828636169434
4405,11.287447929382324
4406,6.954806327819824
4407,8.959830284118652
4408,7.19818639755249
4409,10.974225044250488
4410,10.389175415039062
4411,10.97244644165039
4412,9.059806823730469
4413,8.26962661743164
4414,8.447392463684082
4415,9.745473861694336
4416,10.207204818725586
4417,14.924237251281738
4418,11.496925354003906
4419,12.78223991394043
4420,14.20987319946289
4421,13.226826667785645
4422,9.517400741577148
4423,12.212916374206543
4424,9.608702659606934
4425,7.3505048751831055
4426,4.390507698059082
4427,8.392888069152832
4428,7.359360218048096
4429,2.6656901836395264
4430,5.7940993309021
4431,11.422863006591797
4432,10.476444244384766
4433,13.67048168182373
4434,18.11362075805664
4435,16.02846336364746
4436,14.980929374694824
4437,14.001399993896484
4438,14.449667930603027
4439,11.894529342651367
4440,14.174848556518555
4441,7.689895153045654
4442,10.22603988647461
4443,16.289512634277344
4444,11.470342636108398
4445,12.27174186706543
4446,12.93940544128418
4447,8.117952346801758
4448,6.062503814697266
4449,8.516496658325195
4450,10.958999633789062
4451,9.91845417022705
4452,10.565171241760254
4453,4.918633460998535
4454,10.015928268432617
4455,9.479950904846191
4456,2.861650228500366
4457,7.975430011749268
4458,7.137124538421631
4459,5.86372709274292
4460,6.4612717628479
4461,5.489688873291016
4462,5.670873641967773
4463,6.421242713928223
4464,2.973513603210449
4465,7.6002607345581055
4466,10.606298446655273
4467,9.785229682922363
4468,6.977277755737305
4469,4.614632606506348
4470,10.745983123779297
4471,12.809327125549316
4472,9.08885383605957
4473,7.163182258605957
4474,8.205522537231445
4475,3.473660707473755
4476,4.2997541427612305
4477,7.494684219360352
4478,8.30119514465332
4479,6.917372703552246
4480,4.008673667907715
4481,4.617907524108887
4482,7.568044662475586
4483,4.61031436920166
4484,8.05614948272705
4485,8.059616088867188
4486,9.641768455505371
4487,11.203326225280762
4488,8.844006538391113
4489,15.356255531311035
4490,16.58831024169922
4491,12.400078773498535
4492,16.130268096923828
4493,10.599451065063477
4494,11.303178787231445
4495,14.622590065002441
4496,9.924938201904297
4497,4.7768988609313965
4498,6.415769100189209
4499,7.6519904136657715
4500,6.939579010009766
4501,10.878899574279785
4502,9.606415748596191
4503,7.699417591094971
4504,14.6448974609375
4505,13.091453552246094
4506,12.14610481262207
4507,11.158839225769043
4508,8.889456748962402
4509,10.551753044128418
4510,11.00859260559082
4511,8.156549453735352
4512,8.713562965393066
4513,6.483250141143799
4514,8.537235260009766
4515,6.451475620269775
4516,12.247861862182617
4517,12.804564476013184
4518,7.701690196990967
4519,11.554805755615234
4520,12.238839149475098
4521,13.500312805175781
4522,15.353291511535645
4523,15.277179718017578
4524,14.833809852600098
4525,13.089191436767578
4526,14.567047119140625
4527,6.793692588806152
4528,8.183198928833008
4529,7.8137993812561035
4530,10.491119384765625
4531,12.033255577087402
4532,14.391846656799316
4533,7.284286022186279
4534,9.096578598022461
4535,11.349520683288574
4536,9.139947891235352
4537,13.284802436828613
4538,11.752474784851074
4539,9.592206954956055
4540,7.256042957305908
4541,7.224404335021973
4542,9.33700942993164
4543,8.321368217468262
4544,6.283119201660156
4545,15.495258331298828
4546,8.585464477539062
4547,4.741720199584961
4548,10.888212203979492
4549,8.08138370513916
4550,8.697644233703613
4551,13.97321891784668
4552,12.825326919555664
4553,12.886013984680176
4554,18.230928421020508
4555,16.49100112915039
4556,19.472740173339844
4557,19.182701110839844
4558,15.93561840057373
4559,18.222644805908203
4560,17.34795379638672
4561,9.227579116821289
4562,11.75916862487793
4563,9.33285140991211
4564,9.746670722961426
4565,11.234291076660156
4566,9.668204307556152
4567,7.139068126678467
4568,8.017598152160645
4569,10.288416862487793
4570,7.777771949768066
4571,9.983780860900879
4572,11.62764835357666
4573,14.008831024169922
4574,17.154483795166016
4575,9.960000991821289
4576,12.635381698608398
4577,12.045705795288086
4578,11.118447303771973
4579,10.933367729187012
4580,10.079190254211426
4581,10.602643966674805
4582,14.252742767333984
4583,7.091475009918213
4584,7.484333038330078
4585,10.639036178588867
4586,6.738864421844482
4587,8.428236961364746
4588,10.491159439086914
4589,11.99807071685791
4590,8.0770902633667
4591,7.348114967346191
4592,12.289753913879395
4593,7.277800559997559
4594,7.238677978515625
4595,7.301907062530518
4596,8.760000228881836
4597,10.261985778808594
4598,8.41866397857666
4599,12.962733268737793
4600,9.706707000732422
4601,5.223329067230225
4602,6.362781047821045
4603,11.044418334960938
4604,12.135129928588867
4605,19.585174560546875
4606,14.81025218963623
4607,12.72049617767334
4608,11.365416526794434
4609,16.749422073364258
4610,15.740767478942871
4611,21.03072738647461
4612,15.828675270080566
4613,15.27780818939209
4614,17.313655853271484
4615,9.942319869995117
4616,8.97028923034668
4617,11.650776863098145
4618,8.7145357131958
4619,9.389531135559082
4620,8.094523429870605
4621,9.100249290466309
4622,4.755552291870117
4623,5.546541213989258
4624,5.192482948303223
4625,5.5881028175354
4626,4.773984909057617
4627,8.80164623260498
4628,10.473937034606934
4629,9.715692520141602
4630,18.21511459350586
4631,13.276728630065918
4632,11.52995491027832
4633,19.5904483795166
4634,12.630746841430664
4635,15.078394889831543
4636,17.269845962524414
4637,7.749361515045166
4638,13.62201976776123
4639,15.201525688171387
4640,15.36237621307373
4641,9.612483024597168
4642,12.999884605407715
4643,11.89936637878418
4644,15.89779281616211
4645,14.76201057434082
4646,10.901406288146973
4647,7.880923271179199
4648,2.487861156463623
4649,4.4149169921875
4650,3.503580331802368
4651,3.314711332321167
4652,4.882455348968506
4653,6.283000469207764
4654,7.681392669677734
4655,8.740074157714844
4656,8.088168144226074
4657,4.746017932891846
4658,8.407403945922852
4659,9.927380561828613
4660,14.928694725036621
4661,11.448526382446289
4662,11.385225296020508
4663,10.700020790100098
4664,12.972260475158691
4665,8.129157066345215
4666,8.841621398925781
4667,11.396343231201172
4668,9.803853034973145
4669,6.838582992553711
4670,6.396007537841797
4671,7.550851345062256
4672,5.8720316886901855
4673,19.269567489624023
4674,17.052444458007812
4675,40.24378967285156
4676,18.796052932739258
4677,15.774182319641113
4678,21.357580184936523
4679,16.03905487060547
4680,17.759265899658203
4681,14.831277847290039
4682,9.278746604919434
4683,5.359302997589111
4684,6.153718948364258
4685,3.755409002304077
4686,3.3840272426605225
4687,4.0709004402160645
4688,10.379607200622559
4689,10.597099304199219
4690,9.726214408874512
4691,3.506507158279419
4692,5.530921936035156
4693,17.38202667236328
4694,10.099340438842773
4695,8.64293384552002
4696,13.829911231994629
4697,8.071717262268066
4698,12.045426368713379
4699,9.064638137817383
4700,14.598518371582031
4701,11.678694725036621
4702,7.708645820617676
4703,10.030296325683594
4704,8.701761245727539
4705,10.127166748046875
4706,13.864439964294434
4707,10.520071983337402
4708,11.278039932250977
4709,10.117377281188965
4710,9.943910598754883
4711,9.21969985961914
4712,6.285803318023682
4713,6.615930557250977
4714,8.600305557250977
4715,6.349889278411865
4716,11.936688423156738
4717,8.553147315979004
4718,10.329182624816895
4719,11.127354621887207
4720,14.09200382232666
4721,10.25737476348877
4722,11.737752914428711
4723,10.816874504089355
4724,8.486673355102539
4725,10.332464218139648
4726,9.44909954071045
4727,11.370925903320312
4728,10.323974609375
4729,11.285058975219727
4730,19.241352081298828
4731,10.5035982131958
4732,8.432204246520996
4733,11.647754669189453
4734,10.804851531982422
4735,10.91903018951416
4736,4.145290851593018
4737,5.083316802978516
4738,11.27994441986084
4739,9.240641593933105
4740,10.005219459533691
4741,9.916675567626953
4742,12.079874038696289
4743,12.446043968200684
4744,5.349139213562012
4745,3.965296745300293
4746,3.9754419326782227
4747,4.431699752807617
4748,8.362119674682617
4749,6.591848373413086
4750,9.92285442352295
4751,9.027729988098145
4752,10.378952980041504
4753,9.914200782775879
4754,10.486861228942871
4755,11.847246170043945
4756,12.384317398071289
4757,9.321057319641113
4758,7.943211078643799
4759,5.238082408905029
4760,10.537353515625
4761,8.109936714172363
4762,4.769566535949707
4763,3.721625804901123
4764,2.4752402305603027
4765,5.096953868865967
4766,4.229126930236816
4767,5.4237775802612305
4768,5.363505840301514
4769,8.165786743164062
4770,12.279481887817383
4771,10.966974258422852
4772,15.55685806274414
4773,14.904820442199707
4774,11.821920394897461
4775,19.726612091064453
4776,14.455464363098145
4777,13.576009750366211
4778,13.237195014953613
4779,12.712265014648438
4780,14.66624927520752
4781,12.139738082885742
4782,10.774368286132812
4783,8.177319526672363
4784,12.371562957763672
4785,8.692915916442871
4786,9.118515968322754
4787,8.301718711853027
4788,5.799952507019043
4789,12.413030624389648
4790,10.328641891479492
4791,11.926116943359375
4792,14.95663070678711
4793,14.195334434509277
4794,13.15098762512207
4795,16.931289672851562
4796,15.248969078063965
4797,14.584467887878418
4798,14.695927619934082
4799,9.691264152526855
4800,12.875256538391113
4801,11.52675724029541
4802,10.312231063842773
4803,8.591649055480957
4804,11.515009880065918
4805,12.740578651428223
4806,11.505767822265625
4807,14.912164688110352
4808,9.345269203186035
4809,15.083690643310547
4810,9.460806846618652
4811,15.327230453491211
4812,13.145110130310059
4813,20.712604522705078
4814,12.48001480102539
4815,16.172327041625977
4816,14.847145080566406
4817,12.780248641967773
4818,15.622282981872559
4819,11.120631217956543
4820,8.038017272949219
4821,9.780353546142578
4822,12.315777778625488
4823,11.155381202697754
4824,18.782808303833008
4825,16.38846206665039
4826,13.122639656066895
4827,10.809999465942383
4828,10.162381172180176
4829,9.411876678466797
4830,12.89876651763916
4831,19.686538696289062
4832,13.56863021850586
4833,14.311497688293457
4834,12.33010482788086
4835,11.28816032409668
4836,11.952468872070312
4837,10.501293182373047
4838,10.898414611816406
4839,12.434124946594238
4840,9.641348838806152
4841,11.99111557006836
4842,6.726239204406738
4843,6.604756832122803
4844,4.147042751312256
4845,5.8465471267700195
4846,10.826165199279785
4847,14.430909156799316
4848,13.147923469543457
4849,8.8543119430542
4850,12.496011734008789
4851,12.239106178283691
4852,10.664144515991211
4853,14.56393051147461
4854,12.432246208190918
4855,10.496376991271973
4856,12.00833797454834
4857,11.417702674865723
4858,11.736812591552734
4859,9.90662956237793
4860,6.4681077003479
4861,9.404991149902344
4862,9.923495292663574
4863,7.066244602203369
4864,9.230321884155273
4865,8.688947677612305
4866,8.484436988830566
4867,15.546627044677734
4868,15.235956192016602
4869,12.547900199890137
4870,9.328142166137695
4871,14.431392669677734
4872,10.992655754089355
4873,14.300558090209961
4874,9.22823429107666
4875,14.578837394714355
4876,13.193516731262207
4877,13.834500312805176
4878,10.781327247619629
4879,5.604935169219971
4880,14.490286827087402
4881,11.69426441192627
4882,16.456798553466797
4883,12.344075202941895
4884,13.555456161499023
4885,13.006769180297852
4886,10.986616134643555
4887,10.64530086517334
4888,9.119909286499023
4889,7.00626802444458
4890,9.558785438537598
4891,6.9901323318481445
4892,7.916835308074951
4893,11.814780235290527
4894,14.20539665222168
4895,9.355522155761719
4896,14.320556640625
4897,8.869720458984375
4898,11.461843490600586
4899,12.236618995666504
4900,9.026208877563477
4901,15.802234649658203
4902,15.062971115112305
4903,10.973600387573242
4904,7.203179836273193
4905,5.760076522827148
4906,6.593999862670898
4907,9.062626838684082
4908,7.626636981964111
4909,6.554903030395508
4910,2.722433090209961
4911,8.671231269836426
4912,13.723267555236816
4913,10.352476119995117
4914,14.881632804870605
4915,13.900564193725586
4916,14.18196964263916
4917,8.443214416503906
4918,10.39747142791748
4919,9.150277137756348
4920,11.388230323791504
4921,13.292397499084473
4922,7.796987533569336
4923,6.590372562408447
4924,7.637752056121826
4925,8.034066200256348
4926,4.954101085662842
4927,10.688790321350098
4928,7.916690349578857
4929,5.378355503082275
4930,7.647651672363281
4931,12.003843307495117
4932,11.923916816711426
4933,8.674840927124023
4934,13.299002647399902
4935,11.873260498046875
4936,13.802032470703125
4937,15.343017578125
4938,15.314159393310547
4939,7.7515716552734375
4940,11.964496612548828
4941,9.399368286132812
4942,12.80472469329834
4943,10.327984809875488
4944,10.058300971984863
4945,9.573548316955566
4946,9.495376586914062
4947,11.659405708312988
4948,7.8416337966918945
4949,11.711718559265137
4950,13.303829193115234
4951,15.957571983337402
4952,17.725736618041992
4953,28.282161712646484
4954,19.29340362548828
4955,8.223153114318848
4956,15.45712661743164
4957,15.955926895141602
4958,16.468395233154297
4959,10.989790916442871
4960,21.025493621826172
4961,11.726554870605469
4962,12.194056510925293
4963,12.33698844909668
4964,12.932945251464844
4965,10.340850830078125
4966,10.86342716217041
4967,13.03821086883545
4968,14.025443077087402
4969,11.452778816223145
4970,13.00216293334961
4971,10.751532554626465
4972,16.932456970214844
4973,16.86842918395996
4974,20.799013137817383
4975,16.04930877685547
4976,15.44174575805664
4977,9.990607261657715
4978,10.13449764251709
4979,6.269364833831787
4980,6.063690662384033
4981,9.743560791015625
4982,7.614419937133789
4983,8.08640193939209
4984,6.484435081481934
4985,6.562770843505859
4986,10.003071784973145
4987,11.917015075683594
4988,15.550875663757324
4989,11.246697425842285
4990,11.965022087097168
4991,12.956972122192383
4992,9.71431827545166
4993,10.476654052734375
4994,8.474421501159668
4995,9.303942680358887
4996,8.080628395080566
4997,8.442276000976562
4998,6.18795919418335
4999,7.414122581481934
5000,8.709456443786621
5001,7.627231121063232
5002,8.67420768737793
5003,13.086234092712402
5004,14.043810844421387
5005,18.593217849731445
5006,17.246192932128906
5007,13.77968978881836
5008,11.349689483642578
5009,8.995247840881348
5010,7.763184070587158
5011,6.6297197341918945
5012,6.120091915130615
5013,5.952295780181885
5014,5.8594160079956055
5015,3.7633535861968994
5016,8.267960548400879
5017,8.337919235229492
5018,12.318859100341797
5019,14.609434127807617
5020,11.269831657409668
5021,12.50765323638916
5022,11.367505073547363
5023,12.713521003723145
5024,9.554049491882324
5025,8.459783554077148
5026,11.598912239074707
5027,6.276739597320557
5028,7.196997165679932
5029,7.152348041534424
5030,6.949317455291748
5031,4.609213352203369
5032,8.752767562866211
5033,6.338364124298096
5034,13.517839431762695
5035,11.808208465576172
5036,9.89547061920166
5037,10.85280990600586
5038,12.98445987701416
5039,8.984777450561523
5040,13.032629013061523
5041,8.354586601257324
5042,6.941418647766113
5043,9.684898376464844
5044,2.1959280967712402
5045,3.0005595684051514
5046,4.9130353927612305
5047,10.806236267089844
5048,6.974730014801025
5049,7.279306888580322
5050,10.595900535583496
5051,20.496030807495117
5052,17.588598251342773
5053,9.794108390808105
5054,9.19260025024414
5055,14.163270950317383
5056,8.892173767089844
5057,12.7447509765625
5058,7.562179088592529
5059,9.186939239501953
5060,8.571024894714355
5061,9.69973373413086
5062,12.904884338378906
5063,15.542344093322754
5064,15.13673210144043
5065,14.598602294921875
5066,14.04382610321045
5067,11.740172386169434
5068,11.416255950927734
5069,12.721120834350586
5070,12.920008659362793
5071,11.747206687927246
5072,9.680329322814941
5073,6.5882391929626465
5074,6.75896692276001
5075,5.38706636428833
5076,14.339988708496094
5077,8.083748817443848
5078,11.282362937927246
5079,11.40463924407959
5080,13.398882865905762
5081,22.127241134643555
5082,14.05012035369873
5083,9.863358497619629
5084,9.727655410766602
5085,9.416483879089355
5086,8.81753921508789
5087,8.328850746154785
5088,7.341686248779297
5089,9.7900972366333
5090,8.414247512817383
5091,7.318114280700684
5092,7.772000789642334
5093,7.477472305297852
5094,7.13432502746582
5095,10.020658493041992
5096,14.124789237976074
5097,11.934606552124023
5098,14.217155456542969
5099,9.302834510803223
5100,14.918774604797363
5101,15.444794654846191
5102,11.482728004455566
5103,9.257495880126953
5104,8.355999946594238
5105,8.722960472106934
5106,4.781286716461182
5107,7.955137252807617
5108,8.528709411621094
5109,9.79897689819336
5110,7.331544399261475
5111,9.363356590270996
5112,9.022784233093262
5113,10.696897506713867
5114,9.46574878692627
5115,15.05264663696289
5116,15.295692443847656
5117,16.307645797729492
5118,13.352153778076172
5119,19.31975746154785
5120,11.097329139709473
5121,8.446245193481445
5122,15.357893943786621
5123,16.382368087768555
5124,11.852965354919434
5125,15.32989501953125
5126,12.002253532409668
5127,14.827469825744629
5128,15.28567886352539
5129,13.110876083374023
5130,11.123302459716797
5131,12.260395050048828
5132,13.149724960327148
5133,10.62314510345459
5134,7.19957160949707
5135,10.1371431350708
5136,5.278675556182861
5137,6.635044097900391
5138,6.420973300933838
5139,9.786044120788574
5140,7.969664096832275
5141,13.698188781738281
5142,14.107741355895996
5143,18.705120086669922
5144,14.023436546325684
5145,15.664053916931152
5146,12.154966354370117
5147,14.282893180847168
5148,13.437210083007812
5149,10.9049654006958
5150,10.934727668762207
5151,10.943292617797852
5152,8.696134567260742
5153,9.886971473693848
5154,7.997609615325928
5155,8.49403190612793
5156,14.289372444152832
5157,15.379046440124512
5158,8.963508605957031
5159,9.897407531738281
5160,8.397197723388672
5161,9.792601585388184
5162,10.664130210876465
5163,6.375005722045898
5164,5.907779216766357
5165,6.825580596923828
5166,4.491338729858398
5167,6.908781051635742
5168,7.330491065979004
5169,3.1280956268310547
5170,3.4051804542541504
5171,4.868293285369873
5172,5.8897223472595215
5173,7.148763656616211
5174,8.045799255371094
5175,9.495661735534668
5176,11.188158988952637
5177,10.064826011657715
5178,12.705763816833496
5179,8.094797134399414
5180,6.071863651275635
5181,12.747773170471191
5182,16.903186798095703
5183,11.606280326843262
5184,14.215911865234375
5185,11.090300559997559
5186,9.8677978515625
5187,11.667306900024414
5188,13.17298412322998
5189,16.018918991088867
5190,11.275054931640625
5191,14.180342674255371
5192,13.265681266784668
5193,12.23322582244873
5194,10.59534740447998
5195,12.217406272888184
5196,10.846182823181152
5197,14.547579765319824
5198,10.887601852416992
5199,16.263580322265625
5200,10.472210884094238
5201,13.471796989440918
5202,17.877700805664062
5203,11.356555938720703
5204,7.6691203117370605
5205,11.00310230255127
5206,6.272759437561035
5207,8.706212997436523
5208,9.95213794708252
5209,7.567004203796387
5210,6.639522552490234
5211,6.197238445281982
5212,12.545686721801758
5213,8.461540222167969
5214,12.041877746582031
5215,12.766748428344727
5216,19.849042892456055
5217,23.802059173583984
5218,19.81401824951172
5219,17.406354904174805
5220,21.762487411499023
5221,19.514278411865234
5222,15.243354797363281
5223,16.062702178955078
5224,11.5175142288208
5225,9.156811714172363
5226,5.127392292022705
5227,5.475289821624756
5228,7.49724006652832
5229,7.378000259399414
5230,7.362414836883545
5231,13.026241302490234
5232,10.09415340423584
5233,10.663406372070312
5234,12.974206924438477
5235,15.901904106140137
5236,13.786294937133789
5237,17.300437927246094
5238,20.409311294555664
5239,15.466669082641602
5240,12.99190616607666
5241,14.09704875946045
5242,12.975176811218262
5243,11.581393241882324
5244,10.246455192565918
5245,3.8460896015167236
5246,3.381875514984131
5247,5.198080062866211
5248,5.769822120666504
5249,12.625630378723145
5250,12.328333854675293
5251,11.207853317260742
5252,23.726119995117188
5253,15.96426773071289
5254,16.657649993896484
5255,15.03173828125
5256,10.639432907104492
5257,18.005813598632812
5258,13.422933578491211
5259,11.207648277282715
5260,12.235596656799316
5261,9.101449966430664
5262,13.458390235900879
5263,10.275197982788086
5264,5.765531539916992
5265,7.773591041564941
5266,5.331928730010986
5267,5.572238922119141
5268,12.417184829711914
5269,7.477281093597412
5270,7.607054233551025
5271,15.243571281433105
5272,15.103445053100586
5273,14.480249404907227
5274,10.65677261352539
5275,11.553257942199707
5276,14.852839469909668
5277,5.902667045593262
5278,7.208590030670166
5279,8.350907325744629
5280,5.43242073059082
5281,8.45839786529541
5282,5.661457061767578
5283,8.149276733398438
5284,6.59135627746582
5285,9.252710342407227
5286,9.612406730651855
5287,6.482156753540039
5288,8.348803520202637
5289,6.458458423614502
5290,7.034774303436279
5291,8.560869216918945
5292,12.840226173400879
5293,16.203277587890625
5294,12.761469841003418
5295,12.795863151550293
5296,14.237855911254883
5297,25.991661071777344
5298,11.64041519165039
5299,13.84211540222168
5300,15.009065628051758
5301,16.569238662719727
5302,7.891057968139648
5303,13.933317184448242
5304,10.135318756103516
5305,7.630406379699707
5306,5.511674404144287
5307,12.627215385437012
5308,10.991517066955566
5309,11.205243110656738
5310,11.36084270477295
5311,12.481599807739258
5312,10.060100555419922
5313,10.975780487060547
5314,9.733722686767578
5315,11.022073745727539
5316,11.429539680480957
5317,12.3031005859375
5318,9.72824478149414
5319,15.567673683166504
5320,10.933991432189941
5321,9.098040580749512
5322,10.65369987487793
5323,16.61833381652832
5324,13.630448341369629
5325,12.864480018615723
5326,13.907492637634277
5327,10.549663543701172
5328,12.251320838928223
5329,9.083439826965332
5330,7.676626205444336
5331,5.390895366668701
5332,7.095973014831543
5333,8.988658905029297
5334,6.685445785522461
5335,8.03142261505127
5336,8.88375186920166
5337,13.246171951293945
5338,11.822806358337402
5339,11.698190689086914
5340,9.873377799987793
5341,10.519429206848145
5342,5.17487907409668
5343,8.755563735961914
5344,5.997824668884277
5345,8.517740249633789
5346,7.915643215179443
5347,12.224400520324707
5348,6.7232160568237305
5349,11.435919761657715
5350,5.46725606918335
5351,11.502321243286133
5352,7.891653537750244
5353,8.061246871948242
5354,10.646696090698242
5355,7.009545803070068
5356,7.610538959503174
5357,9.17089557647705
5358,12.41855525970459
5359,10.913723945617676
5360,10.48962688446045
5361,7.89909029006958
5362,7.287708759307861
5363,5.6922831535339355
5364,6.193675518035889
5365,5.310183048248291
5366,8.413591384887695
5367,14.976991653442383
5368,11.933712005615234
5369,13.797463417053223
5370,12.434480667114258
5371,14.292309761047363
5372,11.979150772094727
5373,15.829802513122559
5374,11.85545539855957
5375,12.317863464355469
5376,15.822720527648926
5377,14.696224212646484
5378,14.127303123474121
5379,8.704489707946777
5380,7.815513610839844
5381,9.137109756469727
5382,9.831319808959961
5383,7.878408908843994
5384,13.952225685119629
5385,15.00247573852539
5386,11.875049591064453
5387,19.183452606201172
5388,16.267118453979492
5389,17.283674240112305
5390,14.979094505310059
5391,17.56068229675293
5392,15.409109115600586
5393,13.798966407775879
5394,7.588991641998291
5395,11.05643367767334
5396,13.142672538757324
5397,5.2920966148376465
5398,12.364856719970703
5399,14.302574157714844
5400,10.422587394714355
5401,8.689020156860352
5402,8.527596473693848
5403,6.087350368499756
5404,7.969793319702148
5405,4.204105377197266
5406,7.369420051574707
5407,6.975497722625732
5408,8.484233856201172
5409,21.17464828491211
5410,14.060759544372559
5411,15.46408462524414
5412,16.64484214782715
5413,14.495588302612305
5414,17.261329650878906
5415,14.836048126220703
5416,14.708013534545898
5417,12.136276245117188
5418,13.75105094909668
5419,10.424604415893555
5420,8.385799407958984
5421,6.35844087600708
5422,13.602581977844238
5423,10.417655944824219
5424,7.624295711517334
5425,5.527371406555176
5426,7.025672912597656
5427,3.8485188484191895
5428,2.6338651180267334
5429,3.6402437686920166
5430,5.580958366394043
5431,11.518507957458496
5432,13.043282508850098
5433,21.445974349975586
5434,17.495588302612305
5435,18.055959701538086
5436,17.72309684753418
5437,17.976285934448242
5438,24.266042709350586
5439,17.36977195739746
5440,13.961390495300293
5441,9.216923713684082
5442,8.880058288574219
5443,5.691450595855713
5444,7.135018348693848
5445,7.159143924713135
5446,7.399910926818848
5447,9.35425853729248
5448,14.40058708190918
5449,6.019949436187744
5450,6.106267929077148
5451,9.306758880615234
5452,6.71617317199707
5453,10.012486457824707
5454,6.249053955078125
5455,13.350690841674805
5456,10.219768524169922
5457,3.584822177886963
5458,2.937394142150879
5459,6.746572017669678
5460,6.4868340492248535
5461,7.962096691131592
5462,9.701606750488281
5463,7.9744791984558105
5464,10.71801471710205
5465,9.06016731262207
5466,21.07378387451172
5467,19.309688568115234
5468,16.796146392822266
5469,12.754036903381348
5470,13.412066459655762
5471,13.808553695678711
5472,12.778138160705566
5473,9.114394187927246
5474,5.646157264709473
5475,8.619589805603027
5476,6.5193634033203125
5477,7.448980331420898
5478,10.202195167541504
5479,6.082244873046875
5480,9.376325607299805
5481,11.999731063842773
5482,10.576204299926758
5483,9.03899097442627
5484,12.554649353027344
5485,14.464048385620117
5486,10.019782066345215
5487,9.777088165283203
5488,17.668548583984375
5489,20.057649612426758
5490,13.76446533203125
5491,11.918078422546387
5492,11.731518745422363
5493,14.670165061950684
5494,8.147270202636719
5495,7.128645896911621
5496,10.852070808410645
5497,11.731276512145996
5498,13.933818817138672
5499,15.491661071777344
5500,13.782097816467285
5501,11.276371955871582
5502,21.54916000366211
5503,12.590097427368164
5504,24.37833595275879
5505,20.904001235961914
5506,18.83493995666504
5507,15.649866104125977
5508,18.36305809020996
5509,14.831856727600098
5510,18.258188247680664
5511,14.67323112487793
5512,9.337268829345703
5513,9.368940353393555
5514,6.937777042388916
5515,3.504664659500122
5516,3.6215288639068604
5517,2.138908624649048
5518,6.369692325592041
5519,5.498525619506836
5520,8.604372024536133
5521,6.081755638122559
5522,11.173017501831055
5523,12.083102226257324
5524,11.68156623840332
5525,13.168171882629395
5526,12.975058555603027
5527,13.953909873962402
5528,10.20047378540039
5529,13.46463680267334
5530,11.373966217041016
5531,16.590408325195312
5532,14.582093238830566
5533,15.628666877746582
5534,13.436379432678223
5535,12.872432708740234
5536,16.4250545501709
5537,11.338682174682617
5538,10.630960464477539
5539,16.83983612060547
5540,13.237834930419922
5541,14.984545707702637
5542,7.824178218841553
5543,7.896561145782471
5544,11.554106712341309
5545,5.730058193206787
5546,10.953948020935059
5547,9.252830505371094
5548,9.521646499633789
5549,8.784838676452637
5550,11.34378433227539
5551,16.150867462158203
5552,14.897777557373047
5553,16.73521614074707
5554,14.655474662780762
5555,12.92279052734375
5556,18.887765884399414
5557,14.835954666137695
5558,13.25817584991455
5559,11.188085556030273
5560,16.449125289916992
5561,12.46858024597168
5562,11.006977081298828
5563,12.511762619018555
5564,11.871516227722168
5565,10.845613479614258
5566,12.248273849487305
5567,11.132328033447266
5568,12.537923812866211
5569,11.944839477539062
5570,10.50046157836914
5571,17.745338439941406
5572,17.008121490478516
5573,18.79058837890625
5574,12.93924617767334
5575,8.439936637878418
5576,6.445868492126465
5577,9.033185005187988
5578,13.823723793029785
5579,6.082803726196289
5580,9.071585655212402
5581,6.023684978485107
5582,6.560708045959473
5583,9.979157447814941
5584,11.492438316345215
5585,6.438904285430908
5586,8.531452178955078
5587,10.00094223022461
5588,10.16372299194336
5589,8.61569595336914
5590,6.97337532043457
5591,12.701714515686035
5592,11.804445266723633
5593,13.641040802001953
5594,12.672845840454102
5595,7.401444435119629
5596,10.803356170654297
5597,9.187403678894043
5598,12.194880485534668
5599,11.399718284606934
5600,16.333698272705078
5601,14.251866340637207
5602,13.087708473205566
5603,11.813680648803711
5604,9.248457908630371
5605,10.385866165161133
5606,12.298539161682129
5607,10.527778625488281
5608,11.42286491394043
5609,8.166048049926758
5610,6.874427318572998
5611,11.124604225158691
5612,7.417373180389404
5613,8.07951545715332
5614,14.318022727966309
5615,8.813559532165527
5616,6.852945804595947
5617,6.60995626449585
5618,5.671745777130127
5619,5.490305423736572
5620,7.40104866027832
5621,7.610544204711914
5622,12.442625045776367
5623,11.941021919250488
5624,11.277432441711426
5625,11.854297637939453
5626,12.035858154296875
5627,15.696873664855957
5628,11.451443672180176
5629,10.252345085144043
5630,9.156494140625
5631,12.903227806091309
5632,17.207185745239258
5633,9.663209915161133
5634,6.909521102905273
5635,14.921282768249512
5636,6.74822998046875
5637,7.290204048156738
5638,7.86796760559082
5639,10.46926212310791
5640,8.687775611877441
5641,9.94826602935791
5642,8.76181411743164
5643,10.332723617553711
5644,13.92170238494873
5645,10.522417068481445
5646,12.981074333190918
5647,18.955602645874023
5648,12.876193046569824
5649,14.624543190002441
5650,10.773236274719238
5651,10.573700904846191
5652,11.640406608581543
5653,8.758710861206055
5654,9.599038124084473
5655,10.212060928344727
5656,4.942419052124023
5657,10.038718223571777
5658,9.719250679016113
5659,13.2354736328125
5660,11.596104621887207
5661,12.753629684448242
5662,23.10508918762207
5663,12.413748741149902
5664,15.54517936706543
5665,11.99413776397705
5666,11.846497535705566
5667,11.80362319946289
5668,10.086711883544922
5669,8.781431198120117
5670,5.159762859344482
5671,5.97611141204834
5672,4.693536281585693
5673,7.237259387969971
5674,7.483451843261719
5675,6.463633060455322
5676,12.438488006591797
5677,7.660792350769043
5678,4.290290355682373
5679,5.158288955688477
5680,9.662745475769043
5681,15.104154586791992
5682,9.81124496459961
5683,13.41899299621582
5684,9.348808288574219
5685,7.944777965545654
5686,13.06527328491211
5687,13.079001426696777
5688,14.388999938964844
5689,8.378310203552246
5690,5.077970504760742
5691,5.212324619293213
5692,7.298666954040527
5693,5.860239505767822
5694,10.898938179016113
5695,13.977923393249512
5696,11.87364673614502
5697,10.327737808227539
5698,13.883133888244629
5699,13.351805686950684
5700,18.69706916809082
5701,12.610616683959961
5702,10.569324493408203
5703,10.387961387634277
5704,8.480490684509277
5705,8.82244873046875
5706,7.163777828216553
5707,6.609373092651367
5708,5.173922538757324
5709,5.705820560455322
5710,5.380465030670166
5711,6.625006675720215
5712,7.6887969970703125
5713,6.582855701446533
5714,6.058199405670166
5715,10.764531135559082
5716,12.369175910949707
5717,11.124696731567383
5718,14.300846099853516
5719,16.756145477294922
5720,15.815247535705566
5721,12.6396484375
5722,10.646041870117188
5723,11.939266204833984
5724,14.343934059143066
5725,12.387652397155762
5726,16.597379684448242
5727,15.55343246459961
5728,12.760793685913086
5729,8.554234504699707
5730,11.781740188598633
5731,21.989669799804688
5732,19.146371841430664
5733,23.241010665893555
5734,21.709985733032227
5735,17.751371383666992
5736,21.43390655517578
5737,11.54317855834961
5738,10.841565132141113
5739,18.285173416137695
5740,10.229448318481445
5741,16.93326187133789
5742,9.395319938659668
5743,9.709365844726562
5744,9.292399406433105
5745,8.466434478759766
5746,8.197269439697266
5747,11.625
5748,13.36856746673584
5749,17.978857040405273
5750,12.052905082702637
5751,13.529070854187012
5752,13.635320663452148
5753,16.68778419494629
5754,12.248217582702637
5755,11.275376319885254
5756,9.843832015991211
5757,10.01526927947998
5758,7.296349048614502
5759,7.361346244812012
5760,10.2995023727417
5761,7.983475685119629
5762,11.03386402130127
5763,17.149272918701172
5764,14.627979278564453
5765,12.368487358093262
5766,11.767993927001953
5767,13.397232055664062
5768,15.187582969665527
5769,12.815592765808105
5770,14.429890632629395
5771,12.242399215698242
5772,14.249326705932617
5773,15.769051551818848
5774,13.366534233093262
5775,15.701903343200684
5776,9.306258201599121
5777,9.42978286743164
5778,11.843955039978027
5779,7.640125751495361
5780,11.162135124206543
5781,11.164795875549316
5782,17.560626983642578
5783,12.798574447631836
5784,12.818591117858887
5785,11.38333511352539
5786,12.203102111816406
5787,7.5911712646484375
5788,10.450804710388184
5789,12.150261878967285
5790,10.097967147827148
5791,12.936964988708496
5792,14.43614673614502
5793,10.99716854095459
5794,13.860067367553711
5795,15.533181190490723
5796,17.210756301879883
5797,17.87512969970703
5798,12.041029930114746
5799,11.166417121887207
5800,8.680036544799805
5801,11.390289306640625
5802,10.960824012756348
5803,13.177867889404297
5804,9.914649963378906
5805,9.15960693359375
5806,13.05715274810791
5807,12.0574369430542
5808,9.811302185058594
5809,15.368896484375
5810,17.118778228759766
5811,9.764840126037598
5812,15.106200218200684
5813,13.357308387756348
5814,15.4381103515625
5815,13.086774826049805
5816,16.55727767944336
5817,14.343076705932617
5818,10.4259614944458
5819,7.065333366394043
5820,12.620134353637695
5821,9.150934219360352
5822,6.470710277557373
5823,6.706343650817871
5824,9.002547264099121
5825,11.036181449890137
5826,12.103720664978027
5827,14.150816917419434
5828,9.972397804260254
5829,8.956135749816895
5830,10.191425323486328
5831,5.182703495025635
5832,8.509589195251465
5833,5.878220081329346
5834,4.67507791519165
5835,12.906725883483887
5836,10.981940269470215
5837,9.465145111083984
5838,18.367755889892578
5839,10.124817848205566
5840,20.74457550048828
5841,15.067225456237793
5842,11.008901596069336
5843,12.410086631774902
5844,18.369611740112305
5845,7.276147365570068
5846,12.503564834594727
5847,17.071109771728516
5848,12.829338073730469
5849,13.140244483947754
5850,8.316896438598633
5851,8.254347801208496
5852,8.409808158874512
5853,7.79257345199585
5854,5.087930679321289
5855,2.6053473949432373
5856,8.269022941589355
5857,6.195823669433594
5858,7.761468887329102
5859,10.490551948547363
5860,7.476891040802002
5861,9.402460098266602
5862,5.946492671966553
5863,8.082255363464355
5864,3.362964391708374
5865,6.747998237609863
5866,7.558354377746582
5867,7.484483242034912
5868,7.296090126037598
5869,8.512930870056152
5870,13.522448539733887
5871,13.72618579864502
5872,13.905348777770996
5873,10.155325889587402
5874,8.26012897491455
5875,7.940013408660889
5876,7.557250499725342
5877,6.8435211181640625
5878,9.485090255737305
5879,12.155411720275879
5880,9.533577919006348
5881,10.51618480682373
5882,11.523734092712402
5883,12.333176612854004
5884,11.85031795501709
5885,10.355586051940918
5886,7.402437686920166
5887,12.16331672668457
5888,14.370102882385254
5889,11.568269729614258
5890,18.317737579345703
5891,13.008590698242188
5892,12.20109748840332
5893,12.366683959960938
5894,20.45256996154785
5895,13.075652122497559
5896,15.236959457397461
5897,15.685995101928711
5898,10.543964385986328
5899,9.905170440673828
5900,10.294367790222168
5901,10.780579566955566
5902,17.65594482421875
5903,14.176546096801758
5904,9.921038627624512
5905,5.897714138031006
5906,10.322609901428223
5907,7.247320175170898
5908,12.635417938232422
5909,5.928310394287109
5910,7.276472091674805
5911,9.297120094299316
5912,10.619095802307129
5913,13.0582914352417
5914,17.457338333129883
5915,16.708105087280273
5916,11.973578453063965
5917,13.326140403747559
5918,8.057405471801758
5919,8.26856517791748
5920,12.5573148727417
5921,12.654130935668945
5922,14.700708389282227
5923,9.270305633544922
5924,8.478754043579102
5925,11.333091735839844
5926,15.691535949707031
5927,14.805519104003906
5928,18.174922943115234
5929,17.08319091796875
5930,21.573701858520508
5931,16.114376068115234
5932,12.312827110290527
5933,16.574108123779297
5934,13.279646873474121
5935,10.733567237854004
5936,10.826268196105957
5937,14.72524356842041
5938,8.595645904541016
5939,15.905228614807129
5940,10.275148391723633
5941,6.8356828689575195
5942,6.032057285308838
5943,8.702054023742676
5944,12.321864128112793
5945,14.294754028320312
5946,12.80649185180664
5947,11.007318496704102
5948,17.3478946685791
5949,12.951827049255371
5950,11.326168060302734
5951,6.8340325355529785
5952,12.332745552062988
5953,14.820839881896973
5954,10.903329849243164
5955,9.386635780334473
5956,15.262478828430176
5957,13.903610229492188
5958,10.066956520080566
5959,9.58875846862793
5960,9.289860725402832
5961,13.433587074279785
5962,14.465350151062012
5963,11.889375686645508
5964,26.34829330444336
5965,8.371618270874023
5966,8.361104011535645
5967,14.728303909301758
5968,18.83883285522461
5969,15.106058120727539
5970,9.461965560913086
5971,6.802663326263428
5972,4.222662925720215
5973,4.684789180755615
5974,6.523301601409912
5975,8.353536605834961
5976,8.736940383911133
5977,9.084692001342773
5978,11.074602127075195
5979,8.631073951721191
5980,9.414826393127441
5981,12.199104309082031
5982,10.447997093200684
5983,14.17803955078125
5984,17.24627113342285
5985,8.781309127807617
5986,10.118553161621094
5987,9.380016326904297
5988,7.672590732574463
5989,7.670127868652344
5990,9.805678367614746
5991,10.398605346679688
5992,8.842401504516602
5993,9.417723655700684
5994,11.181750297546387
5995,14.284868240356445
5996,6.767786026000977
5997,15.36058521270752
5998,10.427978515625
5999,12.516960144042969
6000,11.05668830871582
6001,11.958887100219727
6002,11.14369010925293
6003,7.7915167808532715
6004,8.05097484588623
6005,5.132079601287842
6006,10.203751564025879
6007,5.867074966430664
6008,14.359169006347656
6009,10.319838523864746
6010,9.36109447479248
6011,13.39732837677002
6012,7.45280122756958
6013,9.73797607421875
6014,6.4875335693359375
6015,12.1727294921875
6016,8.50229549407959
6017,7.58467960357666
6018,12.559213638305664
6019,11.324868202209473
6020,13.197344779968262
6021,6.986267566680908
6022,9.991124153137207
6023,14.102017402648926
6024,8.88151741027832
6025,5.8940205574035645
6026,6.109631061553955
6027,6.411078929901123
6028,6.646275997161865
6029,6.650108337402344
6030,7.261958599090576
6031,9.110003471374512
6032,11.224315643310547
6033,13.160723686218262
6034,5.72260046005249
6035,12.411171913146973
6036,12.998432159423828
6037,12.934466361999512
6038,11.679179191589355
6039,20.169309616088867
6040,10.327461242675781
6041,11.053207397460938
6042,10.128671646118164
6043,9.464539527893066
6044,6.1663312911987305
6045,9.641109466552734
6046,7.915646553039551
6047,7.370529651641846
6048,5.841979026794434
6049,5.686081886291504
6050,9.14658260345459
6051,10.691347122192383
6052,9.459259986877441
6053,7.632241725921631
6054,11.024731636047363
6055,14.68835735321045
6056,8.994878768920898
6057,10.730304718017578
6058,10.259705543518066
6059,8.98421859741211
6060,10.43785572052002
6061,11.861828804016113
6062,10.875995635986328
6063,12.499828338623047
6064,15.480218887329102
6065,15.164200782775879
6066,10.897100448608398
6067,10.05351734161377
6068,13.23354434967041
6069,13.569231033325195
6070,16.710912704467773
6071,16.658613204956055
6072,17.815725326538086
6073,19.822263717651367
6074,12.05923843383789
6075,9.950288772583008
6076,11.640519142150879
6077,13.446048736572266
6078,17.071029663085938
6079,9.184880256652832
6080,12.803864479064941
6081,15.653356552124023
6082,9.62835693359375
6083,16.312835693359375
6084,12.196098327636719
6085,14.9210844039917
6086,12.112009048461914
6087,16.284528732299805
6088,11.094156265258789
6089,4.808183670043945
6090,5.92268180847168
6091,6.847997665405273
6092,12.677284240722656
6093,12.581090927124023
6094,9.894481658935547
6095,9.264487266540527
6096,11.744308471679688
6097,18.28325653076172
6098,23.54949378967285
6099,11.126473426818848
6100,7.9385199546813965
6101,10.796396255493164
6102,12.164201736450195
6103,12.22171688079834
6104,9.732773780822754
6105,9.595582962036133
6106,8.816606521606445
6107,10.92060375213623
6108,14.012406349182129
6109,11.33918285369873
6110,11.970860481262207
6111,11.29420280456543
6112,7.351382732391357
6113,9.455977439880371
6114,5.796879768371582
6115,6.7933197021484375
6116,11.314299583435059
6117,14.659554481506348
6118,14.734511375427246
6119,13.901761054992676
6120,11.442404747009277
6121,12.621920585632324
6122,12.490616798400879
6123,16.622312545776367
6124,9.31900691986084
6125,14.601197242736816
6126,13.578763961791992
6127,10.246134757995605
6128,10.468777656555176
6129,11.22667407989502
6130,15.04122257232666
6131,6.828233242034912
6132,11.842377662658691
6133,11.320659637451172
6134,12.379606246948242
6135,23.734098434448242
6136,10.723739624023438
6137,15.778635025024414
6138,13.369207382202148
6139,11.653953552246094
6140,11.141621589660645
6141,8.270339965820312
6142,9.847368240356445
6143,7.148066997528076
6144,5.797219753265381
6145,8.233664512634277
6146,9.451301574707031
6147,9.41884708404541
6148,12.324103355407715
6149,11.099071502685547
6150,15.357146263122559
6151,17.575515747070312
6152,11.119285583496094
6153,15.073163986206055
6154,11.1242094039917
6155,13.852839469909668
6156,16.631433486938477
6157,16.39759635925293
6158,6.21553373336792
6159,12.838225364685059
6160,7.054144382476807
6161,7.8623223304748535
6162,6.712749004364014
6163,7.184820652008057
6164,5.045656204223633
6165,5.675077438354492
6166,8.957454681396484
6167,12.280662536621094
6168,8.727725982666016
6169,7.332688808441162
6170,11.48788833618164
6171,16.293807983398438
6172,12.36054515838623
6173,11.200031280517578
6174,10.706156730651855
6175,11.906299591064453
6176,11.846747398376465
6177,9.866913795471191
6178,8.371005058288574
6179,7.874286651611328
6180,5.960605621337891
6181,13.141257286071777
6182,11.346637725830078
6183,9.018451690673828
6184,15.890185356140137
6185,14.596761703491211
6186,17.04520606994629
6187,17.197622299194336
6188,16.175006866455078
6189,18.010698318481445
6190,21.2811336517334
6191,15.191068649291992
6192,13.601881980895996
6193,7.85640811920166
6194,9.369808197021484
6195,9.471439361572266
6196,8.649663925170898
6197,11.34602165222168
6198,10.104938507080078
6199,13.902295112609863
6200,16.030794143676758
6201,15.216156005859375
6202,18.85674285888672
6203,15.210753440856934
6204,16.46912956237793
6205,14.180383682250977
6206,7.069187641143799
6207,8.100421905517578
6208,4.287631034851074
6209,4.828581809997559
6210,6.001784324645996
6211,6.925975322723389
6212,8.248607635498047
6213,8.222768783569336
6214,7.1520562171936035
6215,9.911251068115234
6216,12.973420143127441
6217,11.818462371826172
6218,13.55410099029541
6219,16.568944931030273
6220,15.416027069091797
6221,13.009644508361816
6222,13.883647918701172
6223,12.56619644165039
6224,7.953706741333008
6225,4.9149556159973145
6226,10.363673210144043
6227,8.43397045135498
6228,8.7838716506958
6229,7.245672225952148
6230,13.259559631347656
6231,16.28993034362793
6232,11.253649711608887
6233,13.653717994689941
6234,14.438766479492188
6235,14.23754596710205
6236,11.236380577087402
6237,7.657208442687988
6238,11.591075897216797
6239,10.599806785583496
6240,14.612364768981934
6241,10.232508659362793
6242,11.251097679138184
6243,9.40479850769043
6244,11.728517532348633
6245,14.57883358001709
6246,8.960797309875488
6247,7.979302883148193
6248,7.312870025634766
6249,5.0651421546936035
6250,10.29996109008789
6251,7.532721042633057
6252,9.138487815856934
6253,9.664843559265137
6254,11.985943794250488
6255,13.212846755981445
6256,13.828150749206543
6257,12.585968017578125
6258,13.002748489379883
6259,9.347648620605469
6260,12.2861967086792
6261,7.936910152435303
6262,8.979202270507812
6263,12.538756370544434
6264,9.906457901000977
6265,13.94717788696289
6266,10.799612998962402
6267,11.258424758911133
6268,14.405926704406738
6269,8.797989845275879
6270,10.636664390563965
6271,7.206384181976318
6272,7.0187530517578125
6273,8.427923202514648
6274,9.33187484741211
6275,6.557037830352783
6276,11.025748252868652
6277,9.384726524353027
6278,7.135931015014648
6279,7.161083698272705
6280,4.548181056976318
6281,5.872729778289795
6282,12.47311019897461
6283,10.605246543884277
6284,9.284320831298828
6285,7.672450542449951
6286,14.9176664352417
6287,8.575867652893066
6288,14.591354370117188
6289,10.545683860778809
6290,12.908878326416016
6291,11.014220237731934
6292,11.951552391052246
6293,11.842923164367676
6294,9.04921817779541
6295,10.669668197631836
6296,8.674949645996094
6297,12.639389991760254
6298,14.167819023132324
6299,12.121362686157227
6300,14.366531372070312
6301,9.16495132446289
6302,10.651704788208008
6303,14.11927318572998
6304,12.336214065551758
6305,12.028969764709473
6306,13.300328254699707
6307,13.896013259887695
6308,11.981080055236816
6309,10.61212158203125
6310,8.623603820800781
6311,9.9723539352417
6312,13.369012832641602
6313,7.856942176818848
6314,8.71016788482666
6315,9.14998722076416
6316,13.13841438293457
6317,11.637721061706543
6318,15.789320945739746
6319,16.23179817199707
6320,14.080070495605469
6321,11.953916549682617
6322,14.179641723632812
6323,8.571106910705566
6324,8.72252082824707
6325,7.021173477172852
6326,8.820570945739746
6327,5.791409015655518
6328,10.736824989318848
6329,13.51870346069336
6330,15.353509902954102
6331,12.423008918762207
6332,12.41319465637207
6333,9.682863235473633
6334,9.1951904296875
6335,13.235834121704102
6336,11.093353271484375
6337,12.672598838806152
6338,12.105904579162598
6339,9.514638900756836
6340,12.809149742126465
6341,12.340367317199707
6342,11.599430084228516
6343,7.136712074279785
6344,11.385534286499023
6345,8.800780296325684
6346,6.1305975914001465
6347,7.056921005249023
6348,7.492974758148193
6349,10.605457305908203
6350,8.179393768310547
6351,5.1064534187316895
6352,9.750779151916504
6353,8.622461318969727
6354,10.147783279418945
6355,5.858663558959961
6356,9.49207878112793
6357,9.242573738098145
6358,9.955801963806152
6359,8.237530708312988
6360,10.670598983764648
6361,7.686607360839844
6362,11.46302318572998
6363,18.87016487121582
6364,12.245649337768555
6365,13.137944221496582
6366,11.521060943603516
6367,5.2991228103637695
6368,7.818646430969238
6369,9.865397453308105
6370,13.141175270080566
6371,9.108956336975098
6372,14.046855926513672
6373,11.06502628326416
6374,13.43162727355957
6375,10.467979431152344
6376,10.342864990234375
6377,8.515481948852539
6378,18.300580978393555
6379,23.48124885559082
6380,22.77149200439453
6381,29.7629451751709
6382,24.436771392822266
6383,18.098751068115234
6384,15.928243637084961
6385,12.167283058166504
6386,15.546442031860352
6387,9.184178352355957
6388,5.952956199645996
6389,3.4392383098602295
6390,9.716537475585938
6391,9.108073234558105
6392,7.422784328460693
6393,11.579036712646484
6394,13.17514419555664
6395,15.143778800964355
6396,13.998570442199707
6397,19.6729736328125
6398,10.766465187072754
6399,9.985651016235352
6400,11.638609886169434
6401,8.689743041992188
6402,11.855292320251465
6403,11.461225509643555
6404,10.315688133239746
6405,13.08228588104248
6406,9.06712818145752
6407,6.827478408813477
6408,6.524540901184082
6409,7.0437493324279785
6410,10.706084251403809
6411,8.100481033325195
6412,10.918503761291504
6413,7.850700855255127
6414,11.465112686157227
6415,13.58313274383545
6416,11.40031909942627
6417,9.509296417236328
6418,9.129762649536133
6419,5.189299583435059
6420,5.739561557769775
6421,3.52606463432312
6422,8.038289070129395
6423,12.29596996307373
6424,9.751120567321777
6425,14.049704551696777
6426,14.320104598999023
6427,14.23698902130127
6428,8.428089141845703
6429,12.090581893920898
6430,11.927568435668945
6431,10.223145484924316
6432,13.058846473693848
6433,10.039857864379883
6434,19.536577224731445
6435,19.77226448059082
6436,14.133959770202637
6437,15.60727596282959
6438,13.607864379882812
6439,9.595176696777344
6440,12.308810234069824
6441,9.428508758544922
6442,8.366277694702148
6443,8.484488487243652
6444,10.862799644470215
6445,6.648073673248291
6446,5.354678630828857
6447,4.486501693725586
6448,7.0122528076171875
6449,4.120453357696533
6450,6.312220573425293
6451,4.919923782348633
6452,7.191125392913818
6453,7.9944353103637695
6454,7.180263042449951
6455,16.692075729370117
6456,11.6659517288208
6457,14.80540943145752
6458,10.560325622558594
6459,10.29128646850586
6460,14.78928279876709
6461,15.104183197021484
6462,10.994997024536133
6463,10.857819557189941
6464,13.242093086242676
6465,13.15532398223877
6466,12.865083694458008
6467,12.534646987915039
6468,12.815943717956543
6469,11.265345573425293
6470,12.43983268737793
6471,13.926902770996094
6472,5.945379257202148
6473,7.3504719734191895
6474,12.600326538085938
6475,16.858348846435547
6476,13.64124870300293
6477,12.354344367980957
6478,12.550357818603516
6479,13.424825668334961
6480,13.508733749389648
6481,12.481279373168945
6482,17.487682342529297
6483,16.20185089111328
6484,15.305808067321777
6485,17.279659271240234
6486,14.084352493286133
6487,12.066908836364746
6488,9.667990684509277
6489,11.070430755615234
6490,15.466082572937012
6491,10.20685863494873
6492,11.617042541503906
6493,9.061959266662598
6494,12.371201515197754
6495,8.635575294494629
6496,9.428643226623535
6497,17.26020622253418
6498,19.61181640625
6499,18.9561824798584
6500,26.045164108276367
6501,21.59971046447754
6502,19.4569034576416
6503,21.223983764648438
6504,14.84449291229248
6505,15.918889045715332
6506,8.715288162231445
6507,7.876072883605957
6508,6.046783447265625
6509,5.961354732513428
6510,5.4704766273498535
6511,6.281355381011963
6512,10.409383773803711
6513,11.936848640441895
6514,15.011449813842773
6515,18.770875930786133
6516,14.574658393859863
6517,11.476114273071289
6518,17.543710708618164
6519,17.671009063720703
6520,10.94501781463623
6521,11.807731628417969
6522,12.564873695373535
6523,11.093320846557617
6524,15.936175346374512
6525,11.05285930633545
6526,8.72596549987793
6527,9.063949584960938
6528,10.737342834472656
6529,12.515923500061035
6530,12.142964363098145
6531,11.308192253112793
6532,12.01048755645752
6533,11.0398530960083
6534,7.560571193695068
6535,4.653168201446533
6536,9.718484878540039
6537,9.618931770324707
6538,9.560617446899414
6539,8.241888999938965
6540,8.40079402923584
6541,12.713167190551758
6542,8.93674087524414
6543,10.829002380371094
6544,12.563742637634277
6545,21.347562789916992
6546,15.094406127929688
6547,8.425952911376953
6548,6.576578140258789
6549,15.963150978088379
6550,6.797383785247803
6551,5.9011125564575195
6552,5.8303728103637695
6553,6.194532871246338
6554,5.169075965881348
6555,5.095227241516113
6556,6.689935207366943
6557,3.4314184188842773
6558,8.13128662109375
6559,7.732290744781494
6560,11.852509498596191
6561,6.974319934844971
6562,14.574957847595215
6563,11.85158920288086
6564,11.498015403747559
6565,11.840385437011719
6566,9.620100021362305
6567,7.84044885635376
6568,5.087967872619629
6569,2.4620718955993652
6570,2.0920162200927734
6571,4.797425746917725
6572,9.833552360534668
6573,7.404698848724365
6574,11.272457122802734
6575,15.158921241760254
6576,15.174768447875977
6577,17.29657554626465
6578,19.73611068725586
6579,15.529448509216309
6580,15.473472595214844
6581,13.867103576660156
6582,13.638937950134277
6583,10.851388931274414
6584,6.595026969909668
6585,10.232977867126465
6586,9.292491912841797
6587,6.361031532287598
6588,5.880295276641846
6589,8.812058448791504
6590,5.544020175933838
6591,7.952330112457275
6592,9.989500999450684
6593,10.656391143798828
6594,15.429450035095215
6595,13.873215675354004
6596,12.31491470336914
6597,11.113812446594238
6598,11.283171653747559
6599,11.229414939880371
6600,7.233453750610352
6601,6.6102986335754395
6602,7.4063801765441895
6603,5.798511028289795
6604,7.054030418395996
6605,10.214174270629883
6606,10.969438552856445
6607,16.78468894958496
6608,10.323555946350098
6609,8.33365249633789
6610,8.520819664001465
6611,8.734187126159668
6612,8.910133361816406
6613,10.42795181274414
6614,11.321212768554688
6615,9.575255393981934
6616,13.953186988830566
6617,14.574650764465332
6618,11.28158187866211
6619,16.12532615661621
6620,16.11246681213379
6621,12.865930557250977
6622,13.993878364562988
6623,9.712492942810059
6624,11.07555103302002
6625,9.517425537109375
6626,12.614075660705566
6627,10.083684921264648
6628,10.439133644104004
6629,12.981766700744629
6630,9.847776412963867
6631,7.596627712249756
6632,9.433719635009766
6633,12.363089561462402
6634,7.0108137130737305
6635,15.66604232788086
6636,14.563794136047363
6637,15.581405639648438
6638,20.175914764404297
6639,17.677438735961914
6640,14.218698501586914
6641,16.901264190673828
6642,14.309852600097656
6643,10.3399076461792
6644,4.740412712097168
6645,10.24406909942627
6646,10.295306205749512
6647,14.740460395812988
6648,11.139222145080566
6649,11.84493637084961
6650,15.559367179870605
6651,13.685158729553223
6652,16.215246200561523
6653,20.91674041748047
6654,12.253439903259277
6655,9.228767395019531
6656,10.830050468444824
6657,13.620705604553223
6658,13.711530685424805
6659,11.678295135498047
6660,10.66707706451416
6661,7.721377372741699
6662,14.595516204833984
6663,12.807774543762207
6664,15.711389541625977
6665,9.76897144317627
6666,14.689905166625977
6667,14.442826271057129
6668,15.253392219543457
6669,14.734502792358398
6670,12.42419719696045
6671,9.562158584594727
6672,12.657536506652832
6673,10.465983390808105
6674,6.772976875305176
6675,5.897777080535889
6676,6.827471733093262
6677,10.167583465576172
6678,7.16453218460083
6679,10.683023452758789
6680,18.42681312561035
6681,14.359841346740723
6682,24.9175968170166
6683,20.68327522277832
6684,17.11729621887207
6685,13.158930778503418
6686,6.483628749847412
6687,8.015318870544434
6688,6.859572410583496
6689,8.094141006469727
6690,8.695009231567383
6691,6.954727649688721
6692,5.288534164428711
6693,5.692471504211426
6694,7.068173408508301
6695,6.862576484680176
6696,9.549003601074219
6697,10.556181907653809
6698,17.40579605102539
6699,14.701289176940918
6700,16.416906356811523
6701,19.435483932495117
6702,18.267553329467773
6703,23.247079849243164
6704,23.0965633392334
6705,25.081022262573242
6706,12.418712615966797
6707,7.99628210067749
6708,8.497673988342285
6709,9.835164070129395
6710,11.467347145080566
6711,8.262415885925293
6712,9.022726058959961
6713,8.539667129516602
6714,11.967964172363281
6715,12.97886848449707
6716,11.928976058959961
6717,11.985549926757812
6718,7.593159198760986
6719,7.65035343170166
6720,11.72377872467041
6721,8.734734535217285
6722,9.500999450683594
6723,13.008952140808105
6724,12.489849090576172
6725,12.597216606140137
6726,16.035280227661133
6727,16.45256996154785
6728,12.372185707092285
6729,12.98649787902832
6730,11.215229988098145
6731,10.265222549438477
6732,12.08952522277832
6733,7.349603652954102
6734,11.90778636932373
6735,8.272805213928223
6736,10.216479301452637
6737,12.906957626342773
6738,11.435916900634766
6739,9.27608585357666
6740,9.270444869995117
6741,13.232599258422852
6742,13.864889144897461
6743,9.037030220031738
6744,16.938518524169922
6745,16.47389030456543
6746,12.813833236694336
6747,11.279515266418457
6748,11.859134674072266
6749,16.4409122467041
6750,13.641657829284668
6751,9.197164535522461
6752,10.278731346130371
6753,9.762897491455078
6754,7.765097618103027
6755,16.82353973388672
6756,18.262332916259766
6757,16.061546325683594
6758,13.374140739440918
6759,12.623284339904785
6760,16.29075813293457
6761,8.899106979370117
6762,11.651126861572266
6763,9.214652061462402
6764,7.285637378692627
6765,6.213737487792969
6766,5.382303237915039
6767,9.030672073364258
6768,9.239789962768555
6769,9.69926643371582
6770,13.234408378601074
6771,15.154870986938477
6772,16.294321060180664
6773,16.42283058166504
6774,15.382997512817383
6775,12.045928001403809
6776,13.065567970275879
6777,8.666877746582031
6778,10.428962707519531
6779,9.851889610290527
6780,3.2926552295684814
6781,4.512561798095703
6782,9.955723762512207
6783,6.646921634674072
6784,11.373101234436035
6785,12.255308151245117
6786,14.30473804473877
6787,15.563608169555664
6788,15.323893547058105
6789,13.88225269317627
6790,10.970015525817871
6791,14.91836166381836
6792,9.742524147033691
6793,8.860455513000488
6794,9.972956657409668
6795,11.268553733825684
6796,9.621490478515625
6797,7.7328410148620605
6798,9.43311882019043
6799,11.206147193908691
6800,10.82939624786377
6801,10.845955848693848
6802,16.90423583984375
6803,13.049543380737305
6804,16.205554962158203
6805,12.936790466308594
6806,20.501359939575195
6807,13.242956161499023
6808,10.307110786437988
6809,7.094627380371094
6810,6.159707546234131
6811,8.528314590454102
6812,7.520638942718506
6813,14.06605339050293
6814,18.978336334228516
6815,11.538164138793945
6816,19.718210220336914
6817,19.426387786865234
6818,18.946823120117188
6819,14.89747142791748
6820,17.016454696655273
6821,16.829206466674805
6822,17.366254806518555
6823,11.1934814453125
6824,14.20376205444336
6825,14.840551376342773
6826,7.9443864822387695
6827,6.959150314331055
6828,6.881904602050781
6829,7.941151142120361
6830,12.707036018371582
6831,5.7912139892578125
6832,8.816285133361816
6833,10.455442428588867
6834,10.466448783874512
6835,13.760553359985352
6836,16.438310623168945
6837,13.59881591796875
6838,14.596537590026855
6839,18.413330078125
6840,14.812200546264648
6841,15.47787094116211
6842,12.743430137634277
6843,11.898109436035156
6844,9.971476554870605
6845,14.98727798461914
6846,13.58062744140625
6847,13.355034828186035
6848,7.7654337882995605
6849,10.037092208862305
6850,11.19672966003418
6851,12.424995422363281
6852,11.655974388122559
6853,6.177335739135742
6854,13.553842544555664
6855,5.146341323852539
6856,3.1553566455841064
6857,4.366387367248535
6858,8.406835556030273
6859,8.949952125549316
6860,16.19524574279785
6861,11.126811981201172
6862,16.8665828704834
6863,9.035651206970215
6864,13.547248840332031
6865,7.195425033569336
6866,5.432440757751465
6867,6.78317403793335
6868,11.374534606933594
6869,10.575081825256348
6870,8.286381721496582
6871,10.860600471496582
6872,14.020577430725098
6873,11.665998458862305
6874,13.303321838378906
6875,15.00480842590332
6876,15.376404762268066
6877,13.621085166931152
6878,8.744787216186523
6879,8.552947044372559
6880,8.0821533203125
6881,15.504254341125488
6882,13.343369483947754
6883,12.84803581237793
6884,15.021023750305176
6885,8.981744766235352
6886,10.7553071975708
6887,9.17361068725586
6888,8.683618545532227
6889,9.255550384521484
6890,12.250343322753906
6891,14.729813575744629
6892,13.5638427734375
6893,11.970780372619629
6894,13.398015022277832
6895,18.83812713623047
6896,15.139009475708008
6897,12.845561027526855
6898,12.366900444030762
6899,10.411832809448242
6900,10.932761192321777
6901,9.735530853271484
6902,15.44681167602539
6903,8.595636367797852
6904,11.41079330444336
6905,9.36525821685791
6906,11.77574634552002
6907,8.498702049255371
6908,11.135830879211426
6909,10.339287757873535
6910,6.366544723510742
6911,8.868596076965332
6912,10.708610534667969
6913,8.921701431274414
6914,14.665924072265625
6915,10.389847755432129
6916,8.945483207702637
6917,7.740718364715576
6918,5.0806684494018555
6919,6.822572708129883
6920,5.934011459350586
6921,11.584369659423828
6922,9.99478816986084
6923,7.726182460784912
6924,11.980822563171387
6925,15.425117492675781
6926,14.019796371459961
6927,12.6231107711792
6928,15.514816284179688
6929,12.462165832519531
6930,12.940027236938477
6931,9.071685791015625
6932,16.421735763549805
6933,13.158594131469727
6934,10.553833961486816
6935,24.321868896484375
6936,16.950597763061523
6937,14.241897583007812
6938,11.047446250915527
6939,7.3837385177612305
6940,8.954642295837402
6941,4.100117206573486
6942,6.327913284301758
6943,11.46971321105957
6944,3.714160919189453
6945,12.092036247253418
6946,12.968052864074707
6947,12.544464111328125
6948,13.142961502075195
6949,13.51920223236084
6950,15.430136680603027
6951,11.210468292236328
6952,10.489716529846191
6953,15.05744457244873
6954,9.126668930053711
6955,10.245343208312988
6956,11.306882858276367
6957,13.017662048339844
6958,8.291318893432617
6959,10.876851081848145
6960,5.589585304260254
6961,4.481033802032471
6962,4.311853885650635
6963,2.3244290351867676
6964,4.511828422546387
6965,6.282088756561279
6966,7.8152875900268555
6967,8.785550117492676
6968,9.128210067749023
6969,10.334884643554688
6970,12.135965347290039
6971,13.086714744567871
6972,13.723775863647461
6973,10.775677680969238
6974,9.974335670471191
6975,5.693198204040527
6976,9.447164535522461
6977,6.320578575134277
6978,6.801131725311279
6979,6.88665246963501
6980,9.092057228088379
6981,9.06494140625
6982,9.321510314941406
6983,8.94105339050293
6984,13.190316200256348
6985,6.9376139640808105
6986,10.96235466003418
6987,8.69123649597168
6988,11.509811401367188
6989,13.424051284790039
6990,9.312520027160645
6991,14.70060920715332
6992,16.64731216430664
6993,14.76608943939209
6994,11.813939094543457
6995,17.40584945678711
6996,11.051252365112305
6997,9.264103889465332
6998,13.088683128356934
6999,13.331233978271484
7000,14.818605422973633
7001,7.586533069610596
7002,15.391111373901367
7003,15.74954891204834
7004,15.149140357971191
7005,11.119399070739746
7006,12.31838607788086
7007,11.312292098999023
7008,7.1170477867126465
7009,15.212005615234375
7010,14.560104370117188
7011,12.173484802246094
7012,15.291353225708008
7013,16.377105712890625
7014,16.593961715698242
7015,12.881176948547363
7016,14.715784072875977
7017,12.032013893127441
7018,12.585868835449219
7019,13.821819305419922
7020,11.590046882629395
7021,12.587550163269043
7022,11.504212379455566
7023,11.583385467529297
7024,15.907711029052734
7025,10.856343269348145
7026,10.084898948669434
7027,8.471955299377441
7028,10.286052703857422
7029,9.588285446166992
7030,9.350815773010254
7031,8.137215614318848
7032,7.063113689422607
7033,8.953268051147461
7034,12.272086143493652
7035,10.134729385375977
7036,9.554874420166016
7037,6.77163553237915
7038,9.186104774475098
7039,12.04604434967041
7040,11.382059097290039
7041,11.586936950683594
7042,12.442005157470703
7043,11.01226806640625
7044,14.345454216003418
7045,11.51463794708252
7046,12.488504409790039
7047,10.945344924926758
7048,10.833009719848633
7049,6.097466945648193
7050,10.945062637329102
7051,5.8947954177856445
7052,7.682608604431152
7053,10.00584602355957
7054,13.866728782653809
7055,15.94131088256836
7056,11.49284553527832
7057,12.511307716369629
7058,10.612883567810059
7059,11.098122596740723
7060,9.119502067565918
7061,15.366963386535645
7062,15.557042121887207
7063,15.152691841125488
7064,13.456076622009277
7065,13.963961601257324
7066,17.69790267944336
7067,16.886953353881836
7068,20.53699493408203
7069,14.524747848510742
7070,11.93014907836914
7071,12.860774040222168
7072,15.266901016235352
7073,11.385504722595215
7074,14.359691619873047
7075,14.951419830322266
7076,7.906766891479492
7077,6.406794548034668
7078,8.666086196899414
7079,9.823650360107422
7080,3.666283130645752
7081,7.288342475891113
7082,10.523808479309082
7083,20.327043533325195
7084,17.794906616210938
7085,22.691890716552734
7086,18.32146644592285
7087,20.998943328857422
7088,13.726388931274414
7089,17.128881454467773
7090,20.203035354614258
7091,18.35780906677246
7092,16.79970932006836
7093,12.353952407836914
7094,15.51101016998291
7095,8.358298301696777
7096,8.572244644165039
7097,9.193900108337402
7098,10.732948303222656
7099,7.229456424713135
7100,6.9780449867248535
7101,2.9503490924835205
7102,4.194964408874512
7103,4.4664740562438965
7104,4.193352222442627
7105,7.945467472076416
7106,6.529388427734375
7107,4.983571529388428
7108,7.344658851623535
7109,6.736190319061279
7110,6.183744430541992
7111,9.123677253723145
7112,12.149742126464844
7113,7.67405366897583
7114,7.690286159515381
7115,12.935784339904785
7116,12.687138557434082
7117,15.744255065917969
7118,14.927026748657227
7119,11.283775329589844
7120,11.680841445922852
7121,10.73013687133789
7122,8.129158973693848
7123,10.220646858215332
7124,10.900274276733398
7125,8.605264663696289
7126,12.717888832092285
7127,12.312736511230469
7128,12.21069049835205
7129,10.595587730407715
7130,13.471470832824707
7131,13.062704086303711
7132,11.056671142578125
7133,10.757430076599121
7134,14.005971908569336
7135,12.71367073059082
7136,10.428345680236816
7137,5.917142868041992
7138,6.819644451141357
7139,4.404674053192139
7140,7.156993389129639
7141,10.489033699035645
7142,5.603248596191406
7143,16.484085083007812
7144,9.39260196685791
7145,14.209074020385742
7146,8.07551097869873
7147,11.417061805725098
7148,13.450483322143555
7149,12.800187110900879
7150,15.050246238708496
7151,9.131783485412598
7152,8.862835884094238
7153,8.480352401733398
7154,13.860882759094238
7155,12.678738594055176
7156,11.484457015991211
7157,14.811731338500977
7158,8.47467041015625
7159,14.202383995056152
7160,18.12961196899414
7161,11.207027435302734
7162,11.751455307006836
7163,11.007169723510742
7164,11.700728416442871
7165,10.80659008026123
7166,9.011896133422852
7167,12.477045059204102
7168,9.84643268585205
7169,6.114792823791504
7170,2.9630346298217773
7171,7.00053596496582
7172,6.150498390197754
7173,7.352241516113281
7174,13.810348510742188
7175,14.243181228637695
7176,17.220897674560547
7177,15.70760726928711
7178,25.342994689941406
7179,18.354089736938477
7180,23.667770385742188
7181,16.829811096191406
7182,19.55677604675293
7183,18.129066467285156
7184,16.76751136779785
7185,12.469019889831543
7186,14.453736305236816
7187,9.230820655822754
7188,7.060166358947754
7189,6.998128414154053
7190,10.121923446655273
7191,7.635963439941406
7192,11.866735458374023
7193,10.728921890258789
7194,10.318625450134277
7195,10.70606803894043
7196,9.794342041015625
7197,8.818634033203125
7198,10.575249671936035
7199,11.790358543395996
7200,8.749215126037598
7201,11.105380058288574
7202,10.922090530395508
7203,12.05994701385498
7204,8.10824203491211
7205,8.023300170898438
7206,10.826852798461914
7207,11.747392654418945
7208,14.268003463745117
7209,15.228046417236328
7210,16.49793243408203
7211,17.466968536376953
7212,11.693881034851074
7213,13.288482666015625
7214,13.29666805267334
7215,15.930895805358887
7216,6.42628288269043
7217,10.317940711975098
7218,5.870471000671387
7219,4.056090354919434
7220,4.154879093170166
7221,4.215993881225586
7222,6.811540126800537
7223,6.902923107147217
7224,7.37567138671875
7225,7.730852127075195
7226,8.661144256591797
7227,9.446062088012695
7228,7.223252773284912
7229,6.12197208404541
7230,9.390753746032715
7231,12.944457054138184
7232,11.941984176635742
7233,12.99519157409668
7234,18.166471481323242
7235,18.14448356628418
7236,17.139698028564453
7237,17.094255447387695
7238,8.313005447387695
7239,13.35067081451416
7240,15.90900993347168
7241,10.123642921447754
7242,19.677122116088867
7243,13.851713180541992
7244,13.509811401367188
7245,17.514713287353516
7246,13.48848819732666
7247,13.462312698364258
7248,10.776132583618164
7249,9.92049503326416
7250,7.748159408569336
7251,10.061058044433594
7252,7.5677080154418945
7253,8.38020133972168
7254,10.87199592590332
7255,10.781113624572754
7256,10.078999519348145
7257,11.995577812194824
7258,10.030686378479004
7259,13.758460998535156
7260,9.734602928161621
7261,7.7341389656066895
7262,12.045990943908691
7263,12.153656005859375
7264,9.96721076965332
7265,14.233451843261719
7266,13.981582641601562
7267,15.550826072692871
7268,10.417373657226562
7269,10.811033248901367
7270,8.330269813537598
7271,4.396395683288574
7272,3.2764499187469482
7273,6.593644142150879
7274,9.582327842712402
7275,5.210712432861328
7276,13.141887664794922
7277,15.444406509399414
7278,12.233579635620117
7279,12.069734573364258
7280,14.764514923095703
7281,15.103867530822754
7282,11.242177963256836
7283,8.504658699035645
7284,6.700476169586182
7285,7.164226531982422
7286,8.79869556427002
7287,9.779845237731934
7288,7.282432556152344
7289,8.873064041137695
7290,10.00466251373291
7291,8.47463321685791
7292,4.143396854400635
7293,3.8548800945281982
7294,3.9348909854888916
7295,8.872079849243164
7296,11.969165802001953
7297,14.821135520935059
7298,19.38156509399414
7299,14.425043106079102
7300,18.928098678588867
7301,21.21990203857422
7302,16.441770553588867
7303,18.950918197631836
7304,8.76308536529541
7305,6.213625907897949
7306,6.150097846984863
7307,11.39294147491455
7308,6.866112232208252
7309,6.691915988922119
7310,7.829671382904053
7311,8.196257591247559
7312,11.623427391052246
7313,11.164388656616211
7314,10.745710372924805
7315,8.15374755859375
7316,11.696739196777344
7317,8.962793350219727
7318,11.316330909729004
7319,12.10827350616455
7320,11.839883804321289
7321,11.153414726257324
7322,13.974454879760742
7323,8.864913940429688
7324,11.839221000671387
7325,9.631360054016113
7326,8.656381607055664
7327,10.07204532623291
7328,10.580348014831543
7329,9.504820823669434
7330,14.716191291809082
7331,13.073189735412598
7332,19.198314666748047
7333,14.975525856018066
7334,15.74051284790039
7335,13.040203094482422
7336,19.644832611083984
7337,12.46094799041748
7338,9.705406188964844
7339,9.730563163757324
7340,7.181890964508057
7341,5.844844341278076
7342,6.9715986251831055
7343,8.750864028930664
7344,9.818570137023926
7345,11.04988956451416
7346,8.052226066589355
7347,9.526163101196289
7348,12.750832557678223
7349,14.901068687438965
7350,12.653365135192871
7351,14.540440559387207
7352,18.289310455322266
7353,13.184371948242188
7354,15.923609733581543
7355,14.057296752929688
7356,17.228925704956055
7357,9.441534996032715
7358,7.734554767608643
7359,8.072358131408691
7360,9.758137702941895
7361,10.736717224121094
7362,11.350940704345703
7363,13.118437767028809
7364,11.407501220703125
7365,12.151050567626953
7366,11.443099021911621
7367,15.521668434143066
7368,12.974781036376953
7369,14.6668062210083
7370,20.028963088989258
7371,17.23558807373047
7372,12.254912376403809
7373,13.04019832611084
7374,14.233356475830078
7375,11.594158172607422
7376,8.452987670898438
7377,10.00731372833252
7378,11.190474510192871
7379,11.211079597473145
7380,6.441022872924805
7381,9.637717247009277
7382,8.951436042785645
7383,7.749664306640625
7384,7.4254302978515625
7385,11.482704162597656
7386,8.95956039428711
7387,9.26031494140625
7388,8.238536834716797
7389,7.73130989074707
7390,7.978105068206787
7391,9.008682250976562
7392,9.499632835388184
7393,9.876304626464844
7394,10.746506690979004
7395,9.434662818908691
7396,13.092781066894531
7397,12.845540046691895
7398,15.965394973754883
7399,20.1744384765625
7400,15.118556022644043
7401,15.982250213623047
7402,18.521684646606445
7403,18.317174911499023
7404,17.714160919189453
7405,12.759117126464844
7406,7.773841857910156
7407,17.448110580444336
7408,7.997507572174072
7409,7.521843433380127
7410,5.102607727050781
7411,9.450339317321777
7412,9.066512107849121
7413,12.787734031677246
7414,14.979026794433594
7415,18.107563018798828
7416,13.212634086608887
7417,14.756241798400879
7418,15.25217342376709
7419,10.553256034851074
7420,13.282787322998047
7421,9.771209716796875
7422,10.893623352050781
7423,10.78076171875
7424,9.949848175048828
7425,5.190948963165283
7426,10.885052680969238
7427,11.101422309875488
7428,13.221991539001465
7429,9.320974349975586
7430,12.513774871826172
7431,10.127923965454102
7432,14.17943000793457
7433,14.11003589630127
7434,14.407797813415527
7435,12.727923393249512
7436,10.374414443969727
7437,12.50580883026123
7438,9.906622886657715
7439,10.927207946777344
7440,7.482200622558594
7441,8.166892051696777
7442,9.819037437438965
7443,7.305765628814697
7444,7.688730716705322
7445,11.376373291015625
7446,11.725807189941406
7447,10.871017456054688
7448,11.034499168395996
7449,15.206367492675781
7450,16.769004821777344
7451,10.752068519592285
7452,9.254252433776855
7453,9.211285591125488
7454,8.831552505493164
7455,8.610190391540527
7456,8.132098197937012
7457,8.276848793029785
7458,8.4812650680542
7459,13.178606986999512
7460,7.873698711395264
7461,13.264944076538086
7462,7.825168132781982
7463,10.212153434753418
7464,12.482709884643555
7465,9.512048721313477
7466,9.99174976348877
7467,11.488271713256836
7468,12.551047325134277
7469,21.279314041137695
7470,16.43161392211914
7471,14.90846061706543
7472,18.567211151123047
7473,9.565577507019043
7474,10.506806373596191
7475,14.093457221984863
7476,12.771980285644531
7477,13.129730224609375
7478,8.688581466674805
7479,10.962798118591309
7480,11.547277450561523
7481,3.3768041133880615
7482,6.531601428985596
7483,5.588684558868408
7484,10.83968448638916
7485,11.344987869262695
7486,12.444244384765625
7487,12.84214973449707
7488,15.322070121765137
7489,12.961326599121094
7490,17.993335723876953
7491,15.601224899291992
7492,14.080269813537598
7493,14.907451629638672
7494,9.792511940002441
7495,7.954916477203369
7496,8.786526679992676
7497,8.632169723510742
7498,9.875310897827148
7499,7.926900386810303
7500,6.002532005310059
7501,11.120250701904297
7502,13.124656677246094
7503,12.428624153137207
7504,16.387540817260742
7505,18.29750633239746
7506,20.24704933166504
7507,15.352370262145996
7508,12.791820526123047
7509,16.639585494995117
7510,12.01150894165039
7511,13.82061767578125
7512,10.640796661376953
7513,4.39994478225708
7514,4.331193923950195
7515,4.776960849761963
7516,5.7872843742370605
7517,4.8685736656188965
7518,5.71373987197876
7519,12.368738174438477
7520,8.546402931213379
7521,11.641283988952637
7522,12.838627815246582
7523,14.083903312683105
7524,13.639389038085938
7525,7.10325288772583
7526,5.5096611976623535
7527,10.076822280883789
7528,5.765040397644043
7529,5.864239692687988
7530,3.218343734741211
7531,10.752323150634766
7532,11.297654151916504
7533,7.823314666748047
7534,11.089986801147461
7535,9.666799545288086
7536,11.137029647827148
7537,10.13145637512207
7538,11.223663330078125
7539,8.960548400878906
7540,8.211031913757324
7541,6.388200759887695
7542,5.729518890380859
7543,11.892842292785645
7544,6.956613063812256
7545,10.891194343566895
7546,8.767975807189941
7547,10.224630355834961
7548,6.476385116577148
7549,12.165875434875488
7550,11.84364128112793
7551,12.100381851196289
7552,12.29830551147461
7553,13.457718849182129
7554,7.340033531188965
7555,6.133868217468262
7556,9.539289474487305
7557,6.7022480964660645
7558,8.833377838134766
7559,10.078060150146484
7560,3.851015090942383
7561,6.218637943267822
7562,10.582749366760254
7563,12.99413013458252
7564,12.886136054992676
7565,11.82040023803711
7566,18.84370231628418
7567,18.954893112182617
7568,14.60213565826416
7569,13.153081893920898
7570,15.283220291137695
7571,12.701916694641113
7572,9.361806869506836
7573,7.248976230621338
7574,8.218378067016602
7575,8.461678504943848
7576,7.859898090362549
7577,9.006086349487305
7578,6.729816436767578
7579,11.354878425598145
7580,10.106351852416992
7581,10.858433723449707
7582,13.249594688415527
7583,14.597293853759766
7584,18.59862518310547
7585,18.260950088500977
7586,16.860946655273438
7587,12.67642879486084
7588,14.213385581970215
7589,12.366495132446289
7590,12.69614315032959
7591,10.464390754699707
7592,11.118701934814453
7593,10.93041706085205
7594,10.199752807617188
7595,10.067915916442871
7596,11.355694770812988
7597,15.270977020263672
7598,15.366778373718262
7599,11.755599021911621
7600,12.411648750305176
7601,11.05668830871582
7602,15.819530487060547
7603,11.526192665100098
7604,13.235275268554688
7605,13.732386589050293
7606,8.460541725158691
7607,12.436429977416992
7608,10.314358711242676
7609,7.632524490356445
7610,12.078787803649902
7611,7.066400527954102
7612,14.278486251831055
7613,15.08250904083252
7614,11.0203218460083
7615,12.07299518585205
7616,10.158509254455566
7617,14.664743423461914
7618,11.785673141479492
7619,10.835838317871094
7620,7.411503314971924
7621,9.065641403198242
7622,12.396787643432617
7623,11.882381439208984
7624,13.561175346374512
7625,13.773290634155273
7626,16.704265594482422
7627,16.248611450195312
7628,16.4943904876709
7629,12.129430770874023
7630,16.42120933532715
7631,9.59096908569336
7632,13.624770164489746
7633,6.630153656005859
7634,9.49149227142334
7635,7.757858753204346
7636,5.479691505432129
7637,11.030590057373047
7638,8.038320541381836
7639,8.967211723327637
7640,17.78972625732422
7641,12.70152473449707
7642,15.20781135559082
7643,15.682165145874023
7644,14.706377983093262
7645,9.473679542541504
7646,13.876431465148926
7647,14.862521171569824
7648,6.674373626708984
7649,8.297642707824707
7650,11.6992769241333
7651,5.2576117515563965
7652,6.445876598358154
7653,3.111903667449951
7654,5.190694808959961
7655,9.063002586364746
7656,14.32866096496582
7657,15.591032028198242
7658,16.899751663208008
7659,14.893216133117676
7660,15.167978286743164
7661,16.92194366455078
7662,8.982401847839355
7663,11.419999122619629
7664,11.116430282592773
7665,6.673341751098633
7666,8.107573509216309
7667,6.163992881774902
7668,6.888091564178467
7669,8.58039379119873
7670,7.484984397888184
7671,12.177894592285156
7672,9.211363792419434
7673,7.465240955352783
7674,10.189407348632812
7675,10.553927421569824
7676,7.4321208000183105
7677,12.19769287109375
7678,13.829017639160156
7679,18.093151092529297
7680,16.504104614257812
7681,15.889679908752441
7682,9.661842346191406
7683,13.577424049377441
7684,14.063684463500977
7685,11.372519493103027
7686,14.925606727600098
7687,13.430862426757812
7688,12.753081321716309
7689,7.939332962036133
7690,10.735822677612305
7691,12.980944633483887
7692,12.946120262145996
7693,9.810354232788086
7694,8.482447624206543
7695,5.102840423583984
7696,3.886206865310669
7697,3.750792980194092
7698,8.49782657623291
7699,10.675936698913574
7700,11.497970581054688
7701,14.392751693725586
7702,18.944583892822266
7703,16.65416145324707
7704,15.37493896484375
7705,13.663074493408203
7706,14.242552757263184
7707,15.985700607299805
7708,9.868826866149902
7709,11.063976287841797
7710,6.644565582275391
7711,13.22000789642334
7712,6.812467098236084
7713,6.574296474456787
7714,8.864791870117188
7715,9.117621421813965
7716,9.263144493103027
7717,12.441386222839355
7718,13.007944107055664
7719,15.18126106262207
7720,12.907073974609375
7721,11.133788108825684
7722,15.055195808410645
7723,5.5380120277404785
7724,13.509021759033203
7725,7.794050693511963
7726,9.838484764099121
7727,13.532315254211426
7728,8.590973854064941
7729,5.3586249351501465
7730,5.049229145050049
7731,4.58828592300415
7732,7.056482791900635
7733,14.19566535949707
7734,10.692252159118652
7735,6.5637006759643555
7736,14.130220413208008
7737,16.299789428710938
7738,9.584765434265137
7739,11.765094757080078
7740,17.50307273864746
7741,9.95578384399414
7742,9.62995719909668
7743,9.814675331115723
7744,13.923015594482422
7745,16.246152877807617
7746,15.291486740112305
7747,16.866634368896484
7748,17.76740074157715
7749,13.256714820861816
7750,13.153433799743652
7751,17.27924346923828
7752,13.643328666687012
7753,16.31756019592285
7754,16.677553176879883
7755,11.874361038208008
7756,9.461236000061035
7757,14.651447296142578
7758,15.193321228027344
7759,16.692481994628906
7760,12.912518501281738
7761,12.419032096862793
7762,17.282007217407227
7763,10.481264114379883
7764,15.658838272094727
7765,15.397336959838867
7766,12.70175552368164
7767,14.702372550964355
7768,13.770136833190918
7769,14.5165433883667
7770,5.035554885864258
7771,2.919367551803589
7772,6.952883720397949
7773,8.095191955566406
7774,9.741325378417969
7775,17.627153396606445
7776,14.779121398925781
7777,14.811491966247559
7778,12.99123764038086
7779,16.774761199951172
7780,19.015872955322266
7781,18.34415054321289
7782,12.465594291687012
7783,14.896716117858887
7784,13.560768127441406
7785,12.315932273864746
7786,8.481980323791504
7787,14.213587760925293
7788,9.246646881103516
7789,9.991588592529297
7790,10.303313255310059
7791,10.629853248596191
7792,9.414406776428223
7793,10.231258392333984
7794,13.859352111816406
7795,9.912840843200684
7796,13.553351402282715
7797,14.160629272460938
7798,19.70818519592285
7799,15.068757057189941
7800,13.509722709655762
7801,7.685817718505859
7802,12.977561950683594
7803,8.972540855407715
7804,9.078655242919922
7805,9.477299690246582
7806,10.141369819641113
7807,10.16626262664795
7808,8.848679542541504
7809,9.814465522766113
7810,21.388254165649414
7811,27.481969833374023
7812,15.626766204833984
7813,13.472926139831543
7814,17.553424835205078
7815,12.913567543029785
7816,16.938568115234375
7817,15.212557792663574
7818,12.579667091369629
7819,11.246191024780273
7820,10.9937744140625
7821,11.42528247833252
7822,13.795345306396484
7823,13.569653511047363
7824,9.65146255493164
7825,11.577897071838379
7826,9.68311882019043
7827,10.517975807189941
7828,8.725603103637695
7829,12.498912811279297
7830,9.296331405639648
7831,10.396171569824219
7832,9.787129402160645
7833,7.431122779846191
7834,9.448070526123047
7835,5.169861793518066
7836,11.128496170043945
7837,10.103266716003418
7838,7.520693302154541
7839,13.018376350402832
7840,11.817706108093262
7841,10.930984497070312
7842,15.11635971069336
7843,10.601908683776855
7844,11.009825706481934
7845,12.266347885131836
7846,17.595415115356445
7847,10.794507026672363
7848,7.884089946746826
7849,5.88948392868042
7850,8.739059448242188
7851,4.574461936950684
7852,5.266951560974121
7853,6.704701900482178
7854,8.134771347045898
7855,4.944272041320801
7856,6.027153968811035
7857,7.608973503112793
7858,11.957327842712402
7859,9.943591117858887
7860,7.907642841339111
7861,9.046335220336914
7862,10.589315414428711
7863,13.807284355163574
7864,14.951361656188965
7865,10.738180160522461
7866,9.478119850158691
7867,11.900513648986816
7868,7.4605817794799805
7869,7.083236217498779
7870,13.09058952331543
7871,6.847761631011963
7872,10.862488746643066
7873,15.972559928894043
7874,12.644484519958496
7875,9.282065391540527
7876,19.109203338623047
7877,12.962210655212402
7878,17.315263748168945
7879,14.885055541992188
7880,12.515846252441406
7881,13.739843368530273
7882,9.982294082641602
7883,8.168819427490234
7884,11.281192779541016
7885,8.398138046264648
7886,5.644463539123535
7887,9.882307052612305
7888,14.866344451904297
7889,9.120347023010254
7890,8.412410736083984
7891,7.240818023681641
7892,10.902830123901367
7893,15.04859733581543
7894,10.565303802490234
7895,16.64329719543457
7896,9.22246265411377
7897,9.15329360961914
7898,15.703535079956055
7899,14.747580528259277
7900,14.041028022766113
7901,13.940000534057617
7902,18.029394149780273
7903,15.085647583007812
7904,12.822149276733398
7905,10.266685485839844
7906,12.28575611114502
7907,9.644665718078613
7908,7.7242021560668945
7909,3.9195327758789062
7910,8.968463897705078
7911,6.780560493469238
7912,4.300479888916016
7913,7.865799427032471
7914,7.980079650878906
7915,10.467366218566895
7916,8.06473159790039
7917,9.997142791748047
7918,13.558538436889648
7919,14.38003158569336
7920,19.58391761779785
7921,12.609342575073242
7922,12.510250091552734
7923,9.263847351074219
7924,9.589082717895508
7925,15.01006031036377
7926,6.991095066070557
7927,11.024816513061523
7928,10.659285545349121
7929,7.981724262237549
7930,9.704197883605957
7931,6.376960754394531
7932,9.29471206665039
7933,8.646665573120117
7934,8.632101058959961
7935,8.31570053100586
7936,15.539229393005371
7937,9.674134254455566
7938,5.0718302726745605
7939,7.970346927642822
7940,14.7169189453125
7941,18.571533203125
7942,19.343290328979492
7943,19.357744216918945
7944,14.084056854248047
7945,20.470857620239258
7946,14.005172729492188
7947,17.315454483032227
7948,17.85222053527832
7949,15.822364807128906
7950,16.459444046020508
7951,14.692816734313965
7952,11.774392127990723
7953,20.583953857421875
7954,15.387676239013672
7955,18.60048484802246
7956,19.502758026123047
7957,17.074987411499023
7958,9.094253540039062
7959,9.684444427490234
7960,12.848625183105469
7961,7.839098930358887
7962,8.646777153015137
7963,8.300811767578125
7964,11.751823425292969
7965,4.818378448486328
7966,8.25217342376709
7967,6.02340030670166
7968,7.379595756530762
7969,4.667113780975342
7970,7.794765949249268
7971,7.113985061645508
7972,8.529743194580078
7973,7.509889125823975
7974,7.553769588470459
7975,9.198962211608887
7976,8.149839401245117
7977,9.256636619567871
7978,6.6644206047058105
7979,7.773478984832764
7980,9.324141502380371
7981,9.28622055053711
7982,13.341907501220703
7983,8.589080810546875
7984,14.446377754211426
7985,15.796385765075684
7986,19.325504302978516
7987,20.577157974243164
7988,17.17501449584961
7989,22.013599395751953
7990,9.97024917602539
7991,13.716056823730469
7992,7.843768119812012
7993,11.77163314819336
7994,8.4677152633667
7995,5.135447978973389
7996,10.741839408874512
7997,11.391318321228027
7998,16.972400665283203
7999,13.704705238342285
8000,13.166373252868652
8001,17.464536666870117
8002,11.999839782714844
8003,13.467422485351562
8004,12.971016883850098
8005,13.10440444946289
8006,11.09494686126709
8007,9.09157943725586
8008,13.660155296325684
8009,15.89059066772461
8010,13.901368141174316
8011,14.51057243347168
8012,16.887134552001953
8013,17.057369232177734
8014,15.498884201049805
8015,16.77737045288086
8016,19.884065628051758
8017,19.70699691772461
8018,12.151269912719727
8019,13.558613777160645
8020,12.432448387145996
8021,14.194178581237793
8022,11.849709510803223
8023,12.301862716674805
8024,9.9131441116333
8025,7.420900821685791
8026,5.077137470245361
8027,7.321908950805664
8028,6.1133832931518555
8029,7.796999931335449
8030,7.887231826782227
8031,11.150397300720215
8032,7.637749195098877
8033,8.6345796585083
8034,8.296756744384766
8035,8.519309997558594
8036,8.250568389892578
8037,12.412825584411621
8038,11.145195960998535
8039,11.60633373260498
8040,9.7269868850708
8041,20.08307456970215
8042,9.450589179992676
8043,9.926212310791016
8044,15.204237937927246
8045,18.047555923461914
8046,14.038493156433105
8047,11.164581298828125
8048,12.684160232543945
8049,12.81888198852539
8050,11.201961517333984
8051,8.918547630310059
8052,9.146966934204102
8053,6.558030128479004
8054,7.8472394943237305
8055,7.755819320678711
8056,11.03278923034668
8057,11.593984603881836
8058,13.342084884643555
8059,15.748722076416016
8060,17.99645233154297
8061,19.016950607299805
8062,18.675785064697266
8063,19.591459274291992
8064,20.24561882019043
8065,17.873172760009766
8066,15.09404468536377
8067,13.038724899291992
8068,8.073760032653809
8069,6.022034168243408
8070,4.058518886566162
8071,6.799832820892334
8072,3.377929449081421
8073,8.650672912597656
8074,7.428434371948242
8075,10.848381996154785
8076,7.420305252075195
8077,11.882050514221191
8078,10.58699893951416
8079,10.468738555908203
8080,9.091582298278809
8081,8.106123924255371
8082,14.035067558288574
8083,13.362112998962402
8084,11.835970878601074
8085,11.963950157165527
8086,11.805706024169922
8087,12.712145805358887
8088,14.659911155700684
8089,13.813852310180664
8090,15.346814155578613
8091,12.269143104553223
8092,7.3461079597473145
8093,8.918214797973633
8094,10.016193389892578
8095,15.10847282409668
8096,13.24724292755127
8097,11.170491218566895
8098,11.925508499145508
8099,6.574800491333008
8100,16.459028244018555
8101,11.862204551696777
8102,18.210004806518555
8103,12.234659194946289
8104,8.347972869873047
8105,10.400367736816406
8106,16.949491500854492
8107,12.535454750061035
8108,17.734201431274414
8109,19.770671844482422
8110,10.447907447814941
8111,9.41385555267334
8112,10.645716667175293
8113,9.57465934753418
8114,7.624057292938232
8115,5.949930191040039
8116,7.558492183685303
8117,12.565471649169922
8118,6.620464324951172
8119,7.134036540985107
8120,13.679011344909668
8121,15.83045768737793
8122,12.139460563659668
8123,12.293787002563477
8124,12.182570457458496
8125,14.591564178466797
8126,14.071688652038574
8127,15.43691635131836
8128,14.685893058776855
8129,16.067306518554688
8130,13.732505798339844
8131,14.523853302001953
8132,15.054079055786133
8133,10.20920467376709
8134,15.120011329650879
8135,13.492013931274414
8136,14.390271186828613
8137,10.774798393249512
8138,11.698566436767578
8139,10.843953132629395
8140,6.485487461090088
8141,10.849456787109375
8142,9.945120811462402
8143,7.1701579093933105
8144,4.629955768585205
8145,7.846816062927246
8146,9.812917709350586
8147,10.097249031066895
8148,13.94729232788086
8149,15.94063949584961
8150,11.67658805847168
8151,12.769684791564941
8152,15.334134101867676
8153,10.68000316619873
8154,7.636777400970459
8155,7.920121192932129
8156,7.225229263305664
8157,6.94768762588501
8158,8.77602767944336
8159,8.506521224975586
8160,14.932257652282715
8161,10.397268295288086
8162,13.188963890075684
8163,19.330829620361328
8164,9.515825271606445
8165,14.228229522705078
8166,13.853452682495117
8167,18.15684700012207
8168,10.702367782592773
8169,9.55844783782959
8170,11.826020240783691
8171,7.819608211517334
8172,10.632237434387207
8173,18.71657371520996
8174,14.10136890411377
8175,9.820484161376953
8176,13.09676742553711
8177,8.321647644042969
8178,12.451203346252441
8179,14.18751049041748
8180,12.345484733581543
8181,9.768375396728516
8182,15.953934669494629
8183,14.001445770263672
8184,14.191601753234863
8185,12.138680458068848
8186,16.04645538330078
8187,13.943552017211914
8188,10.860457420349121
8189,12.771529197692871
8190,9.166522979736328
8191,1.9509309530258179
8192,2.2807514667510986
8193,2.623753309249878
8194,6.471419334411621
8195,12.139931678771973
8196,11.879156112670898
8197,16.849647521972656
8198,17.0216007232666
8199,13.770670890808105
8200,13.413068771362305
8201,16.936439514160156
8202,20.009721755981445
8203,17.361072540283203
8204,12.49664306640625
8205,8.329242706298828
8206,7.688174247741699
8207,13.082645416259766
8208,9.85117244720459
8209,6.045803070068359
8210,10.076788902282715
8211,8.611629486083984
8212,8.13038444519043
8213,6.344408988952637
8214,3.6476454734802246
8215,6.201577663421631
8216,8.945954322814941
8217,11.73027229309082
8218,12.553969383239746
8219,10.19991397857666
8220,9.621530532836914
8221,11.498574256896973
8222,9.276676177978516
8223,7.468693256378174
8224,6.7834577560424805
8225,9.040729522705078
8226,8.291776657104492
8227,6.881688117980957
8228,7.435551166534424
8229,9.307456970214844
8230,10.756277084350586
8231,11.570619583129883
8232,17.096553802490234
8233,11.9810791015625
8234,10.996397972106934
8235,9.85605525970459
8236,7.310979843139648
8237,11.667694091796875
8238,17.548925399780273
8239,8.70081615447998
8240,11.873446464538574
8241,10.242096900939941
8242,14.26651668548584
8243,11.604453086853027
8244,11.463983535766602
8245,8.574254035949707
8246,9.058642387390137
8247,8.922494888305664
8248,12.279719352722168
8249,13.51736831665039
8250,11.15837287902832
8251,12.186515808105469
8252,13.766969680786133
8253,9.22748851776123
8254,9.18933391571045
8255,7.8514509201049805
8256,12.930230140686035
8257,8.969215393066406
8258,8.315610885620117
8259,11.294526100158691
8260,15.23228645324707
8261,11.59586238861084
8262,10.894937515258789
8263,14.390299797058105
8264,14.558947563171387
8265,16.019439697265625
8266,16.596967697143555
8267,17.23110008239746
8268,11.049339294433594
8269,10.255516052246094
8270,11.791624069213867
8271,9.911214828491211
8272,10.155658721923828
8273,11.494051933288574
8274,6.282552242279053
8275,5.738264083862305
8276,5.979761600494385
8277,4.883834362030029
8278,4.764289379119873
8279,4.956813812255859
8280,3.652595281600952
8281,7.549785137176514
8282,16.914655685424805
8283,14.895909309387207
8284,13.663870811462402
8285,15.725983619689941
8286,14.941086769104004
8287,13.501730918884277
8288,17.717426300048828
8289,15.305251121520996
8290,11.487943649291992
8291,11.938942909240723
8292,13.198368072509766
8293,6.697127819061279
8294,8.261983871459961
8295,10.074600219726562
8296,11.203360557556152
8297,9.481795310974121
8298,12.479100227355957
8299,9.10680866241455
8300,14.72165584564209
8301,11.944271087646484
8302,11.619096755981445
8303,14.441534996032715
8304,15.088458061218262
8305,9.940347671508789
8306,20.523252487182617
8307,12.995841026306152
8308,9.957552909851074
8309,11.821050643920898
8310,6.772486686706543
8311,7.004736423492432
8312,8.55795955657959
8313,8.908259391784668
8314,9.070226669311523
8315,11.314003944396973
8316,11.809870719909668
8317,11.361165046691895
8318,12.06008243560791
8319,12.002989768981934
8320,11.869044303894043
8321,13.341495513916016
8322,11.93855094909668
8323,11.6727294921875
8324,9.918407440185547
8325,11.35608959197998
8326,12.155025482177734
8327,14.562738418579102
8328,16.23452377319336
8329,16.1135196685791
8330,19.566162109375
8331,14.826995849609375
8332,15.510279655456543
8333,15.438749313354492
8334,9.357438087463379
8335,10.916852951049805
8336,10.421985626220703
8337,9.035453796386719
8338,9.874273300170898
8339,5.929470539093018
8340,8.529154777526855
8341,7.156123161315918
8342,8.688763618469238
8343,9.373259544372559
8344,15.608796119689941
8345,19.040250778198242
8346,10.650290489196777
8347,17.57791519165039
8348,9.68861198425293
8349,10.47673511505127
8350,15.665080070495605
8351,12.27789306640625
8352,12.429910659790039
8353,14.266654014587402
8354,8.917301177978516
8355,8.714130401611328
8356,6.8284783363342285
8357,13.344161033630371
8358,14.15003776550293
8359,10.364704132080078
8360,14.065961837768555
8361,13.393512725830078
8362,13.70043659210205
8363,15.054404258728027
8364,11.856477737426758
8365,12.103570938110352
8366,12.898877143859863
8367,12.818466186523438
8368,13.014787673950195
8369,11.250536918640137
8370,11.889242172241211
8371,6.618274688720703
8372,7.199279308319092
8373,6.128342151641846
8374,12.557632446289062
8375,8.8185396194458
8376,3.9111926555633545
8377,15.583331108093262
8378,14.852838516235352
8379,17.065898895263672
8380,12.51222038269043
8381,13.434795379638672
8382,13.496857643127441
8383,14.00414752960205
8384,9.808277130126953
8385,8.925742149353027
8386,5.355419158935547
8387,6.299204349517822
8388,5.448443412780762
8389,9.605181694030762
8390,10.558475494384766
8391,7.496927738189697
8392,6.8246750831604
8393,7.514820575714111
8394,10.442076683044434
8395,11.208407402038574
8396,10.167262077331543
8397,9.202860832214355
8398,13.68644905090332
8399,12.740642547607422
8400,16.30855369567871
8401,16.341224670410156
8402,14.749220848083496
8403,14.466876029968262
8404,19.80390739440918
8405,14.759758949279785
8406,11.792884826660156
8407,16.956764221191406
8408,14.6403169631958
8409,9.692998886108398
8410,8.574700355529785
8411,7.938633441925049
8412,5.519807815551758
8413,5.344407081604004
8414,3.5790505409240723
8415,11.74277400970459
8416,7.124523162841797
8417,11.629502296447754
8418,18.031843185424805
8419,11.546039581298828
8420,16.013822555541992
8421,20.600210189819336
8422,14.095603942871094
8423,13.964444160461426
8424,7.302224159240723
8425,13.307215690612793
8426,12.651074409484863
8427,9.774576187133789
8428,7.798192977905273
8429,7.745369911193848
8430,7.626152038574219
8431,8.260027885437012
8432,9.089081764221191
8433,9.085891723632812
8434,8.040307998657227
8435,9.25814151763916
8436,11.037302017211914
8437,9.303434371948242
8438,14.081642150878906
8439,9.128952026367188
8440,18.96124267578125
8441,10.46683120727539
8442,7.116589546203613
8443,18.184450149536133
8444,11.415011405944824
8445,14.815136909484863
8446,19.426738739013672
8447,16.096582412719727
8448,14.217145919799805
8449,17.46402359008789
8450,13.919539451599121
8451,11.793658256530762
8452,21.058496475219727
8453,15.220919609069824
8454,7.6271233558654785
8455,10.336587905883789
8456,14.712276458740234
8457,8.926700592041016
8458,5.933603286743164
8459,4.577347755432129
8460,6.707104206085205
8461,11.936363220214844
8462,11.49205207824707
8463,12.363398551940918
8464,13.960612297058105
8465,19.444046020507812
8466,11.65489673614502
8467,9.418745040893555
8468,13.982718467712402
8469,6.765925884246826
8470,10.19890308380127
8471,7.996825218200684
8472,6.4342851638793945
8473,6.393085479736328
8474,8.569647789001465
8475,5.451023101806641
8476,5.655900478363037
8477,7.427491664886475
8478,13.743348121643066
8479,10.159910202026367
8480,11.677111625671387
8481,13.656037330627441
8482,10.28316879272461
8483,13.35525131225586
8484,11.495942115783691
8485,13.882490158081055
8486,12.62511157989502
8487,8.804871559143066
8488,8.348586082458496
8489,3.4446756839752197
8490,7.2112860679626465
8491,6.931446075439453
8492,10.164748191833496
8493,12.318070411682129
8494,11.81196117401123
8495,15.719368934631348
8496,16.422962188720703
8497,17.760133743286133
8498,18.94732666015625
8499,18.442955017089844
8500,10.488866806030273
8501,14.254349708557129
8502,11.670422554016113
8503,9.081772804260254
8504,4.195706844329834
8505,6.405526161193848
8506,6.5244622230529785
8507,4.857969760894775
8508,6.874866008758545
8509,9.712361335754395
8510,7.920351028442383
8511,11.320693969726562
8512,17.56989097595215
8513,13.114354133605957
8514,13.962684631347656
8515,14.26036262512207
8516,18.004413604736328
8517,12.972334861755371
8518,8.210954666137695
8519,6.561335563659668
8520,4.549092769622803
8521,3.931248426437378
8522,4.475658893585205
8523,5.614286422729492
8524,7.96897554397583
8525,9.7971830368042
8526,7.6518964767456055
8527,9.1856107711792
8528,13.518306732177734
8529,11.434647560119629
8530,12.885671615600586
8531,13.340303421020508
8532,12.964675903320312
8533,9.293822288513184
8534,6.976812362670898
8535,6.91967248916626
8536,8.259980201721191
8537,5.394100666046143
8538,11.703993797302246
8539,10.412384033203125
8540,14.62660026550293
8541,11.613381385803223
8542,14.461009979248047
8543,9.104856491088867
8544,8.563240051269531
8545,12.934713363647461
8546,14.506525039672852
8547,10.814735412597656
8548,12.98682975769043
8549,15.159869194030762
8550,10.401211738586426
8551,8.713438034057617
8552,7.03436803817749
8553,10.942876815795898
8554,7.2707624435424805
8555,8.63412857055664
8556,13.53087329864502
8557,10.78799819946289
8558,11.337278366088867
8559,11.496379852294922
8560,11.315317153930664
8561,8.487248420715332
8562,11.92076587677002
8563,10.86868667602539
8564,6.168280601501465
8565,6.661955833435059
8566,9.426690101623535
8567,6.290267467498779
8568,6.277746200561523
8569,12.030637741088867
8570,12.510696411132812
8571,15.449530601501465
8572,15.003534317016602
8573,20.531890869140625
8574,20.638954162597656
8575,16.89289093017578
8576,21.49271011352539
8577,12.312908172607422
8578,11.647721290588379
8579,11.722739219665527
8580,6.464306831359863
8581,9.550894737243652
8582,11.425172805786133
8583,11.017987251281738
8584,14.073257446289062
8585,11.767110824584961
8586,17.646852493286133
8587,14.160888671875
8588,15.760540962219238
8589,15.470462799072266
8590,13.962343215942383
8591,18.747587203979492
8592,15.471437454223633
8593,12.984615325927734
8594,12.255413055419922
8595,10.218385696411133
8596,10.754853248596191
8597,11.789854049682617
8598,5.046957492828369
8599,6.466858386993408
8600,10.908981323242188
8601,14.714592933654785
8602,8.920303344726562
8603,12.643677711486816
8604,9.211129188537598
8605,15.31659984588623
8606,15.182136535644531
8607,12.192732810974121
8608,9.419917106628418
8609,7.618673801422119
8610,7.151982307434082
8611,13.354693412780762
8612,12.292777061462402
8613,13.107089042663574
8614,14.970343589782715
8615,16.51936912536621
8616,16.572505950927734
8617,18.785749435424805
8618,19.501220703125
8619,12.898238182067871
8620,6.78383207321167
8621,11.711774826049805
8622,6.78073787689209
8623,3.041808843612671
8624,1.9612505435943604
8625,2.800868272781372
8626,1.3909358978271484
8627,3.993527412414551
8628,4.539866924285889
8629,6.619287490844727
8630,8.652202606201172
8631,6.030198097229004
8632,6.4632158279418945
8633,11.253211975097656
8634,12.627504348754883
8635,13.155745506286621
8636,13.428864479064941
8637,12.00550651550293
8638,15.47828197479248
8639,5.572084903717041
8640,7.434352397918701
8641,11.834752082824707
8642,10.768967628479004
8643,8.365381240844727
8644,15.385674476623535
8645,13.474349021911621
8646,15.346952438354492
8647,12.382883071899414
8648,13.549772262573242
8649,14.375582695007324
8650,17.908056259155273
8651,10.0209321975708
8652,9.921163558959961
8653,10.573182106018066
8654,5.265763759613037
8655,7.549660682678223
8656,5.283656597137451
8657,3.8589489459991455
8658,1.6814074516296387
8659,5.5321269035339355
8660,6.128912448883057
8661,7.514808654785156
8662,8.616586685180664
8663,7.787604808807373
8664,7.66231107711792
8665,14.876614570617676
8666,12.197977066040039
8667,16.805145263671875
8668,14.821701049804688
8669,12.11594009399414
8670,12.272634506225586
8671,12.874785423278809
8672,12.374890327453613
8673,11.748029708862305
8674,9.582679748535156
8675,13.925518035888672
8676,13.80102252960205
8677,13.588703155517578
8678,15.393980026245117
8679,17.304628372192383
8680,15.956297874450684
8681,12.329994201660156
8682,15.83853530883789
8683,11.306414604187012
8684,5.764120101928711
8685,7.138672828674316
8686,7.361080169677734
8687,8.029294967651367
8688,6.807254791259766
8689,14.640761375427246
8690,15.897078514099121
8691,20.124088287353516
8692,17.6980037689209
8693,16.733306884765625
8694,21.12640380859375
8695,17.128101348876953
8696,15.929377555847168
8697,18.810354232788086
8698,17.9876651763916
8699,16.821134567260742
8700,12.74008846282959
8701,8.280415534973145
8702,9.618958473205566
8703,9.681100845336914
8704,14.241015434265137
8705,13.807504653930664
8706,10.266611099243164
8707,19.4227294921875
8708,14.18674373626709
8709,17.194711685180664
8710,14.80370044708252
8711,15.243459701538086
8712,25.015966415405273
8713,12.686826705932617
8714,7.427368640899658
8715,4.284402847290039
8716,5.964966297149658
8717,7.121215343475342
8718,7.443727970123291
8719,6.841570854187012
8720,14.096400260925293
8721,9.416526794433594
8722,11.52681827545166
8723,12.351799964904785
8724,10.89673137664795
8725,8.734715461730957
8726,11.228470802307129
8727,8.355851173400879
8728,6.3470072746276855
8729,6.213659763336182
8730,4.835958480834961
8731,4.230734348297119
8732,8.54186725616455
8733,9.82665729522705
8734,10.240093231201172
8735,13.203371047973633
8736,18.305830001831055
8737,12.162798881530762
8738,21.528635025024414
8739,13.092249870300293
8740,17.34839630126953
8741,13.988678932189941
8742,14.380112648010254
8743,11.36270809173584
8744,9.228425979614258
8745,13.162555694580078
8746,9.540419578552246
8747,12.090846061706543
8748,6.102371692657471
8749,13.403298377990723
8750,11.122281074523926
8751,15.688575744628906
8752,14.330158233642578
8753,12.987897872924805
8754,12.554089546203613
8755,16.379804611206055
8756,17.06952667236328
8757,21.045421600341797
8758,19.686546325683594
8759,18.12670135498047
8760,11.362384796142578
8761,13.01102066040039
8762,13.253508567810059
8763,9.988646507263184
8764,7.640328884124756
8765,9.806212425231934
8766,9.708273887634277
8767,10.634598731994629
8768,9.011279106140137
8769,16.16893768310547
8770,12.552865982055664
8771,18.632259368896484
8772,18.709224700927734
8773,10.156771659851074
8774,10.623574256896973
8775,9.985615730285645
8776,7.657142162322998
8777,6.148561000823975
8778,9.17788028717041
8779,9.29844856262207
8780,7.828003406524658
8781,5.62983512878418
8782,10.437556266784668
8783,7.133172512054443
8784,12.038375854492188
8785,12.3537015914917
8786,14.969934463500977
8787,14.935428619384766
8788,15.521897315979004
8789,13.616678237915039
8790,8.769896507263184
8791,11.546818733215332
8792,14.219464302062988
8793,12.189373016357422
8794,11.463888168334961
8795,7.100584030151367
8796,9.410140991210938
8797,7.661770343780518
8798,8.579781532287598
8799,8.178553581237793
8800,11.113529205322266
8801,9.87105655670166
8802,6.750220775604248
8803,9.631743431091309
8804,9.60344409942627
8805,9.319506645202637
8806,9.909040451049805
8807,10.346003532409668
8808,7.63437557220459
8809,5.731399059295654
8810,7.675889015197754
8811,6.606345176696777
8812,12.934720993041992
8813,8.2771577835083
8814,6.25473690032959
8815,10.11648941040039
8816,9.140392303466797
8817,8.804512977600098
8818,11.824541091918945
8819,12.069793701171875
8820,9.693052291870117
8821,6.611779689788818
8822,4.163784503936768
8823,5.619480609893799
8824,10.397318840026855
8825,8.648177146911621
8826,9.587732315063477
8827,10.754573822021484
8828,14.275911331176758
8829,7.643701553344727
8830,10.633039474487305
8831,12.8488130569458
8832,7.775477409362793
8833,11.705121994018555
8834,10.505874633789062
8835,6.750709533691406
8836,13.40430736541748
8837,17.271297454833984
8838,17.030105590820312
8839,16.353872299194336
8840,8.090043067932129
8841,7.782020568847656
8842,10.040848731994629
8843,5.8767571449279785
8844,10.482076644897461
8845,9.194894790649414
8846,12.173542976379395
8847,7.935653209686279
8848,11.072709083557129
8849,7.460355281829834
8850,6.462453842163086
8851,5.309791088104248
8852,4.425088405609131
8853,7.978961944580078
8854,10.349339485168457
8855,8.625884056091309
8856,6.3488078117370605
8857,11.758130073547363
8858,9.932513236999512
8859,17.691068649291992
8860,16.758535385131836
8861,14.749133110046387
8862,12.183499336242676
8863,14.37971305847168
8864,11.485445022583008
8865,10.442919731140137
8866,8.314102172851562
8867,13.894408226013184
8868,9.45472526550293
8869,8.78067398071289
8870,7.628748416900635
8871,9.249594688415527
8872,8.70982837677002
8873,11.676860809326172
8874,10.63561725616455
8875,16.20672035217285
8876,7.326875686645508
8877,8.767166137695312
8878,10.950340270996094
8879,12.338251113891602
8880,10.367331504821777
8881,14.00747013092041
8882,14.504043579101562
8883,17.489322662353516
8884,12.871644973754883
8885,12.132713317871094
8886,15.612212181091309
8887,13.16569995880127
8888,17.179636001586914
8889,12.558568954467773
8890,10.798382759094238
8891,8.90536117553711
8892,9.353334426879883
8893,8.340546607971191
8894,6.669303894042969
8895,9.347412109375
8896,11.92333984375
8897,8.040310859680176
8898,6.3626813888549805
8899,11.197001457214355
8900,11.860398292541504
8901,9.512630462646484
8902,11.563977241516113
8903,17.3907527923584
8904,8.66629409790039
8905,11.536558151245117
8906,8.164514541625977
8907,8.540335655212402
8908,9.440507888793945
8909,7.636314392089844
8910,7.816011428833008
8911,8.927769660949707
8912,6.752222061157227
8913,11.89570426940918
8914,10.405384063720703
8915,17.85614776611328
8916,15.034242630004883
8917,10.785561561584473
8918,12.107535362243652
8919,15.53217887878418
8920,14.258832931518555
8921,15.927123069763184
8922,9.048513412475586
8923,12.37357234954834
8924,8.638718605041504
8925,6.427512168884277
8926,7.301092624664307
8927,6.921402931213379
8928,10.004846572875977
8929,12.134182929992676
8930,11.351602554321289
8931,15.716939926147461
8932,16.463577270507812
8933,14.288514137268066
8934,12.706600189208984
8935,10.744430541992188
8936,13.482306480407715
8937,13.572981834411621
8938,8.636717796325684
8939,6.663819789886475
8940,9.828995704650879
8941,7.53013277053833
8942,5.997457027435303
8943,9.241650581359863
8944,9.172653198242188
8945,10.862961769104004
8946,15.497649192810059
8947,19.710012435913086
8948,15.36828327178955
8949,15.619481086730957
8950,11.15432071685791
8951,13.756988525390625
8952,16.847822189331055
8953,20.833890914916992
8954,22.139196395874023
8955,18.80141258239746
8956,11.976988792419434
8957,14.477557182312012
8958,9.340997695922852
8959,9.21815013885498
8960,15.391499519348145
8961,11.99575424194336
8962,10.997097969055176
8963,13.108160972595215
8964,11.974773406982422
8965,7.41677188873291
8966,10.285865783691406
8967,12.010003089904785
8968,5.615251541137695
8969,3.5853846073150635
8970,4.068689823150635
8971,3.493290424346924
8972,2.466714859008789
8973,4.1007561683654785
8974,9.946097373962402
8975,13.769164085388184
8976,13.805888175964355
8977,13.531915664672852
8978,15.824074745178223
8979,18.009706497192383
8980,17.327661514282227
8981,18.820205688476562
8982,14.821367263793945
8983,13.48075008392334
8984,9.374123573303223
8985,9.567309379577637
8986,8.576719284057617
8987,7.601730823516846
8988,10.153668403625488
8989,8.957540512084961
8990,9.730143547058105
8991,10.09943962097168
8992,9.509428024291992
8993,11.741141319274902
8994,11.896954536437988
8995,11.964287757873535
8996,11.517229080200195
8997,13.036308288574219
8998,17.95086669921875
8999,11.530245780944824
9000,14.978981018066406
9001,11.292787551879883
9002,12.390031814575195
9003,10.566959381103516
9004,7.942993640899658
9005,10.541563987731934
9006,12.538307189941406
9007,15.283618927001953
9008,14.7377290725708
9009,14.876983642578125
9010,12.150842666625977
9011,16.124557495117188
9012,11.05433177947998
9013,8.337362289428711
9014,7.870904445648193
9015,9.701951026916504
9016,13.243043899536133
9017,11.868247032165527
9018,11.442931175231934
9019,11.028580665588379
9020,9.510700225830078
9021,10.548641204833984
9022,10.11669635772705
9023,10.427606582641602
9024,11.347602844238281
9025,7.691788673400879
9026,16.03276824951172
9027,14.441423416137695
9028,12.264082908630371
9029,11.90883731842041
9030,12.99830150604248
9031,10.619555473327637
9032,8.303861618041992
9033,8.614712715148926
9034,8.014406204223633
9035,10.235517501831055
9036,7.495377063751221
9037,8.791605949401855
9038,7.109822750091553
9039,10.205564498901367
9040,16.347309112548828
9041,10.58600902557373
9042,11.30388069152832
9043,9.637811660766602
9044,9.109160423278809
9045,6.807131290435791
9046,8.70633316040039
9047,10.697524070739746
9048,9.21003246307373
9049,7.818355560302734
9050,13.241249084472656
9051,14.863222122192383
9052,18.436145782470703
9053,9.808584213256836
9054,10.818145751953125
9055,13.338117599487305
9056,9.848880767822266
9057,9.987610816955566
9058,6.930196285247803
9059,8.613104820251465
9060,9.913724899291992
9061,9.881860733032227
9062,9.706942558288574
9063,10.82174301147461
9064,8.161684036254883
9065,8.59776496887207
9066,12.61308765411377
9067,10.443193435668945
9068,11.466400146484375
9069,10.19980239868164
9070,13.373333930969238
9071,13.132234573364258
9072,11.943894386291504
9073,9.502985000610352
9074,7.518936634063721
9075,10.267657279968262
9076,7.010840892791748
9077,6.880370140075684
9078,10.463991165161133
9079,12.934829711914062
9080,8.255181312561035
9081,14.2356595993042
9082,19.238523483276367
9083,15.981014251708984
9084,14.026052474975586
9085,12.980506896972656
9086,10.40024185180664
9087,7.6685333251953125
9088,7.909112930297852
9089,10.887503623962402
9090,6.233953475952148
9091,8.294798851013184
9092,5.2832231521606445
9093,9.216092109680176
9094,9.868361473083496
9095,8.222028732299805
9096,10.701156616210938
9097,19.833662033081055
9098,16.392196655273438
9099,14.63150405883789
9100,14.577179908752441
9101,17.793277740478516
9102,12.65747356414795
9103,9.971847534179688
9104,13.985384941101074
9105,10.127592086791992
9106,5.654232978820801
9107,8.071080207824707
9108,6.229233264923096
9109,5.30377721786499
9110,9.272061347961426
9111,12.02243423461914
9112,10.682846069335938
9113,11.781230926513672
9114,14.251766204833984
9115,16.370281219482422
9116,15.860368728637695
9117,12.716135025024414
9118,7.853376388549805
9119,10.792617797851562
9120,10.862199783325195
9121,8.200956344604492
9122,7.041874885559082
9123,6.450863838195801
9124,7.018381118774414
9125,11.185308456420898
9126,8.668330192565918
9127,9.632728576660156
9128,13.105034828186035
9129,18.478151321411133
9130,16.05573272705078
9131,14.061243057250977
9132,10.719325065612793
9133,9.681106567382812
9134,7.989858627319336
9135,4.6376752853393555
9136,6.487835884094238
9137,4.843634605407715
9138,4.5961995124816895
9139,5.544675350189209
9140,4.1896820068359375
9141,5.477347373962402
9142,10.574198722839355
9143,12.933184623718262
9144,15.026886940002441
9145,13.500117301940918
9146,16.15262794494629
9147,14.774558067321777
9148,15.915326118469238
9149,17.63765525817871
9150,8.493878364562988
9151,10.903197288513184
9152,9.209189414978027
9153,7.200347423553467
9154,12.150562286376953
9155,6.087036609649658
9156,7.8097004890441895
9157,3.767465114593506
9158,3.777723789215088
9159,4.262526512145996
9160,5.015602111816406
9161,5.652660369873047
9162,8.307395935058594
9163,10.81265926361084
9164,12.862228393554688
9165,18.99935531616211
9166,21.814119338989258
9167,9.246747016906738
9168,16.058238983154297
9169,12.456465721130371
9170,10.934891700744629
9171,12.908693313598633
9172,9.489535331726074
9173,7.624862194061279
9174,8.120828628540039
9175,11.165143013000488
9176,9.069430351257324
9177,7.394620895385742
9178,4.318778038024902
9179,5.5879645347595215
9180,6.3217926025390625
9181,8.517220497131348
9182,10.225564956665039
9183,12.995128631591797
9184,11.900145530700684
9185,12.729731559753418
9186,14.055329322814941
9187,12.099061012268066
9188,13.498826026916504
9189,13.712775230407715
9190,11.27326774597168
9191,8.990621566772461
9192,8.483551979064941
9193,4.513144016265869
9194,7.393015384674072
9195,6.095559597015381
9196,10.378851890563965
9197,10.869058609008789
9198,8.233156204223633
9199,7.973949432373047
9200,12.951594352722168
9201,14.908493995666504
9202,18.058835983276367
9203,20.771358489990234
9204,13.469404220581055
9205,15.159454345703125
9206,16.18918228149414
9207,20.194541931152344
9208,12.461861610412598
9209,10.248462677001953
9210,6.529664993286133
9211,6.561915874481201
9212,3.3565945625305176
9213,3.9287543296813965
9214,6.798528671264648
9215,6.857905387878418
9216,3.1169018745422363
9217,9.07217788696289
9218,12.730512619018555
9219,7.705273151397705
9220,15.594855308532715
9221,10.851133346557617
9222,17.830413818359375
9223,7.000494480133057
9224,6.706925868988037
9225,5.79397439956665
9226,5.611942291259766
9227,6.12624454498291
9228,10.052658081054688
9229,5.6572346687316895
9230,7.89159631729126
9231,8.817090034484863
9232,8.888741493225098
9233,10.618773460388184
9234,9.397521018981934
9235,12.534920692443848
9236,16.24370765686035
9237,12.882518768310547
9238,17.407987594604492
9239,16.26926612854004
9240,13.726030349731445
9241,14.59302043914795
9242,12.159257888793945
9243,14.128448486328125
9244,16.940786361694336
9245,11.89527416229248
9246,6.090500831604004
9247,10.52170467376709
9248,8.94066333770752
9249,6.500808238983154
9250,9.595511436462402
9251,8.516267776489258
9252,8.848111152648926
9253,9.480815887451172
9254,8.38169002532959
9255,6.728954315185547
9256,5.595660209655762
9257,5.574573516845703
9258,9.307981491088867
9259,7.643986225128174
9260,11.120993614196777
9261,23.75765609741211
9262,15.207085609436035
9263,16.251937866210938
9264,18.501789093017578
9265,13.116662979125977
9266,12.154586791992188
9267,17.869104385375977
9268,9.318453788757324
9269,8.745673179626465
9270,15.819037437438965
9271,10.67652702331543
9272,11.670639038085938
9273,6.478397846221924
9274,13.867094993591309
9275,16.629932403564453
9276,15.269415855407715
9277,11.864505767822266
9278,11.137258529663086
9279,11.853900909423828
9280,11.9243803024292
9281,10.692388534545898
9282,15.476390838623047
9283,9.822373390197754
9284,9.516274452209473
9285,12.796296119689941
9286,10.798751831054688
9287,11.980162620544434
9288,12.336810111999512
9289,10.127198219299316
9290,9.789758682250977
9291,15.953374862670898
9292,14.18057918548584
9293,14.963165283203125
9294,11.826088905334473
9295,16.741987228393555
9296,14.787215232849121
9297,12.094615936279297
9298,7.520053863525391
9299,6.662398338317871
9300,7.143528461456299
9301,6.138979434967041
9302,8.865572929382324
9303,12.14322566986084
9304,12.647958755493164
9305,10.409463882446289
9306,18.6171875
9307,18.37293815612793
9308,17.616682052612305
9309,16.984426498413086
9310,19.81935691833496
9311,13.5145263671875
9312,11.624591827392578
9313,11.024388313293457
9314,6.461189270019531
9315,3.8674514293670654
9316,3.3870630264282227
9317,4.286813259124756
9318,7.105569839477539
9319,2.8519608974456787
9320,5.1110687255859375
9321,6.98734712600708
9322,7.189001560211182
9323,17.051517486572266
9324,18.944753646850586
9325,14.538341522216797
9326,14.160776138305664
9327,16.07340431213379
9328,12.314422607421875
9329,13.97534465789795
9330,7.474639892578125
9331,13.47647762298584
9332,5.940374851226807
9333,5.214635848999023
9334,6.0681471824646
9335,8.39632511138916
9336,12.62399673461914
9337,12.859097480773926
9338,16.008438110351562
9339,13.831113815307617
9340,13.187732696533203
9341,13.343814849853516
9342,9.327738761901855
9343,4.517978191375732
9344,5.964486598968506
9345,8.898198127746582
9346,10.468927383422852
9347,11.218680381774902
9348,12.583192825317383
9349,8.163617134094238
9350,10.377217292785645
9351,12.915908813476562
9352,20.49664878845215
9353,14.026257514953613
9354,12.120941162109375
9355,15.590774536132812
9356,10.465733528137207
9357,13.274290084838867
9358,18.047470092773438
9359,13.306734085083008
9360,15.658377647399902
9361,13.198037147521973
9362,13.168757438659668
9363,7.89477014541626
9364,7.759306907653809
9365,8.39254379272461
9366,17.968976974487305
9367,9.850287437438965
9368,8.57070541381836
9369,7.502243995666504
9370,13.942264556884766
9371,12.71558666229248
9372,8.217463493347168
9373,6.262707233428955
9374,8.689361572265625
9375,8.19723129272461
9376,10.177027702331543
9377,9.46255874633789
9378,14.336383819580078
9379,11.325048446655273
9380,11.979843139648438
9381,9.583320617675781
9382,12.712091445922852
9383,10.798500061035156
9384,10.593786239624023
9385,7.7042694091796875
9386,8.60736083984375
9387,6.6492838859558105
9388,8.74924373626709
9389,5.391571998596191
9390,7.208348751068115
9391,6.5956315994262695
9392,11.205784797668457
9393,8.158143043518066
9394,10.298673629760742
9395,9.818175315856934
9396,10.322640419006348
9397,17.133840560913086
9398,11.172292709350586
9399,10.98253059387207
9400,16.844715118408203
9401,12.888537406921387
9402,8.695496559143066
9403,6.3395466804504395
9404,3.6759586334228516
9405,1.7162736654281616
9406,0.9882211089134216
9407,4.141953945159912
9408,3.940089225769043
9409,3.995745897293091
9410,5.185532569885254
9411,12.042885780334473
9412,12.411978721618652
9413,14.076041221618652
9414,9.191887855529785
9415,16.924795150756836
9416,14.85489273071289
9417,10.633389472961426
9418,11.227910995483398
9419,11.058993339538574
9420,7.38104772567749
9421,6.309526443481445
9422,7.630128860473633
9423,11.899535179138184
9424,15.866011619567871
9425,11.328953742980957
9426,10.747488975524902
9427,12.65903377532959
9428,9.345088958740234
9429,9.648730278015137
9430,10.86623477935791
9431,13.855746269226074
9432,11.348417282104492
9433,11.798542976379395
9434,12.70024585723877
9435,9.411473274230957
9436,9.97409439086914
9437,5.3305864334106445
9438,5.582606792449951
9439,3.7174878120422363
9440,9.383467674255371
9441,9.772619247436523
9442,10.525907516479492
9443,13.818105697631836
9444,13.12939453125
9445,14.011717796325684
9446,16.486236572265625
9447,20.3847713470459
9448,18.19342613220215
9449,8.493965148925781
9450,10.019876480102539
9451,10.697299003601074
9452,13.048975944519043
9453,10.476344108581543
9454,10.198026657104492
9455,10.28447151184082
9456,8.758977890014648
9457,12.84018611907959
9458,12.293335914611816
9459,12.910807609558105
9460,11.786139488220215
9461,11.750635147094727
9462,7.339322566986084
9463,7.9811224937438965
9464,8.74659538269043
9465,8.587010383605957
9466,11.18025016784668
9467,17.136594772338867
9468,13.407471656799316
9469,13.047106742858887
9470,9.753350257873535
9471,7.685011386871338
9472,11.607213020324707
9473,17.473695755004883
9474,16.2717227935791
9475,11.833005905151367
9476,12.429974555969238
9477,13.114214897155762
9478,8.194698333740234
9479,9.172775268554688
9480,6.757806301116943
9481,4.822336673736572
9482,5.181611061096191
9483,8.037846565246582
9484,7.1305928230285645
9485,7.3320465087890625
9486,12.101866722106934
9487,10.338025093078613
9488,10.852851867675781
9489,14.922628402709961
9490,13.795241355895996
9491,12.082548141479492
9492,8.203659057617188
9493,11.855252265930176
9494,9.132586479187012
9495,11.001372337341309
9496,8.249683380126953
9497,3.978672981262207
9498,6.487418174743652
9499,4.708004951477051
9500,10.511364936828613
9501,14.008808135986328
9502,8.781573295593262
9503,12.484134674072266
9504,11.468518257141113
9505,18.2708683013916
9506,15.27100944519043
9507,12.299180030822754
9508,8.690750122070312
9509,11.416357040405273
9510,10.891138076782227
9511,7.136439800262451
9512,6.817841053009033
9513,7.978795528411865
9514,4.952467441558838
9515,7.072203159332275
9516,8.919439315795898
9517,7.1977996826171875
9518,15.157221794128418
9519,10.936880111694336
9520,11.439300537109375
9521,10.955562591552734
9522,17.1324520111084
9523,9.088174819946289
9524,10.475323677062988
9525,7.937893390655518
9526,8.27834701538086
9527,7.492974758148193
9528,8.825532913208008
9529,8.817082405090332
9530,10.027055740356445
9531,9.384861946105957
9532,15.352372169494629
9533,11.011590957641602
9534,12.576963424682617
9535,12.418131828308105
9536,13.559843063354492
9537,11.776619911193848
9538,9.340439796447754
9539,7.725822448730469
9540,8.331672668457031
9541,3.6807215213775635
9542,4.115732669830322
9543,8.26273250579834
9544,11.193915367126465
9545,8.275651931762695
9546,10.448055267333984
9547,13.761853218078613
9548,15.634243965148926
9549,13.58979606628418
9550,13.701831817626953
9551,13.6299467086792
9552,9.12510871887207
9553,8.714613914489746
9554,4.443091869354248
9555,8.114022254943848
9556,5.145069599151611
9557,5.8997273445129395
9558,6.104584693908691
9559,5.532115459442139
9560,6.743171691894531
9561,10.32241153717041
9562,13.382915496826172
9563,8.682126998901367
9564,11.705031394958496
9565,13.397872924804688
9566,13.882959365844727
9567,18.87413787841797
9568,10.381561279296875
9569,14.2711820602417
9570,11.004491806030273
9571,14.478486061096191
9572,9.981206893920898
9573,17.040252685546875
9574,13.40323257446289
9575,10.68299674987793
9576,10.035128593444824
9577,15.123764038085938
9578,18.634496688842773
9579,20.807594299316406
9580,17.691051483154297
9581,17.425636291503906
9582,13.07432746887207
9583,14.561519622802734
9584,11.084944725036621
9585,7.084085941314697
9586,5.9860615730285645
9587,10.776681900024414
9588,6.897857189178467
9589,6.046932220458984
9590,9.326408386230469
9591,10.52074909210205
9592,10.419925689697266
9593,13.651537895202637
9594,12.92318344116211
9595,8.193960189819336
9596,13.894966125488281
9597,10.7604398727417
9598,8.265213012695312
9599,9.796666145324707
9600,8.167805671691895
9601,7.1417131423950195
9602,7.8991851806640625
9603,5.15699577331543
9604,5.882503986358643
9605,11.257429122924805
9606,11.93418025970459
9607,8.675745010375977
9608,13.331127166748047
9609,12.969748497009277
9610,10.300992965698242
9611,16.057676315307617
9612,14.475911140441895
9613,14.740249633789062
9614,13.149658203125
9615,9.833817481994629
9616,5.106780052185059
9617,6.156394004821777
9618,6.714181900024414
9619,6.400514125823975
9620,7.632463455200195
9621,15.281094551086426
9622,14.273506164550781
9623,12.399518966674805
9624,12.992352485656738
9625,15.232483863830566
9626,24.99660301208496
9627,15.237018585205078
9628,13.251785278320312
9629,11.161725997924805
9630,7.106296539306641
9631,6.056883335113525
9632,5.138307094573975
9633,4.719165802001953
9634,6.844893455505371
9635,9.010767936706543
9636,3.9213571548461914
9637,8.376399040222168
9638,9.656255722045898
9639,8.15481185913086
9640,9.180910110473633
9641,11.127382278442383
9642,17.765941619873047
9643,19.683433532714844
9644,20.663074493408203
9645,15.765469551086426
9646,25.698589324951172
9647,17.65094757080078
9648,18.386425018310547
9649,15.412942886352539
9650,13.251684188842773
9651,8.322614669799805
9652,8.92037296295166
9653,8.116382598876953
9654,6.469574451446533
9655,12.420904159545898
9656,8.191018104553223
9657,5.397608280181885
9658,8.142829895019531
9659,6.363417625427246
9660,8.884246826171875
9661,10.89083480834961
9662,13.197097778320312
9663,19.022390365600586
9664,15.700892448425293
9665,15.191824913024902
9666,16.000911712646484
9667,13.6130952835083
9668,19.81801414489746
9669,15.70134162902832
9670,15.75280475616455
9671,23.73215675354004
9672,7.009926795959473
9673,7.473695278167725
9674,3.5369479656219482
9675,3.123697280883789
9676,1.9954915046691895
9677,3.204793930053711
9678,1.8660584688186646
9679,1.9427748918533325
9680,5.721045017242432
9681,8.61803913116455
9682,18.26642417907715
9683,11.316575050354004
9684,20.61290168762207
9685,22.261171340942383
9686,25.49457550048828
9687,22.32709312438965
9688,20.016977310180664
9689,16.09161376953125
9690,13.782349586486816
9691,12.335315704345703
9692,8.093381881713867
9693,11.318432807922363
9694,7.674062252044678
9695,8.923539161682129
9696,8.759736061096191
9697,13.831766128540039
9698,14.074803352355957
9699,16.28365707397461
9700,14.275949478149414
9701,18.047155380249023
9702,15.78978443145752
9703,8.660097122192383
9704,8.436211585998535
9705,8.790507316589355
9706,10.563545227050781
9707,6.419210910797119
9708,8.970417022705078
9709,8.729400634765625
9710,8.343164443969727
9711,11.219425201416016
9712,10.166115760803223
9713,13.4496431350708
9714,13.580730438232422
9715,13.60794448852539
9716,11.652667045593262
9717,11.270254135131836
9718,13.566286087036133
9719,12.852518081665039
9720,5.457704067230225
9721,5.607012748718262
9722,5.205856800079346
9723,3.9004275798797607
9724,4.102639675140381
9725,3.613966464996338
9726,1.6694530248641968
9727,8.459053993225098
9728,9.170918464660645
9729,12.30944538116455
9730,10.902801513671875
9731,10.735650062561035
9732,10.455395698547363
9733,9.766853332519531
9734,9.733682632446289
9735,6.48745584487915
9736,6.108409404754639
9737,5.222095489501953
9738,7.28787088394165
9739,9.156044006347656
9740,9.00333023071289
9741,5.820866107940674
9742,10.267314910888672
9743,6.8732757568359375
9744,12.127695083618164
9745,8.664597511291504
9746,10.04792594909668
9747,10.362103462219238
9748,7.197240352630615
9749,7.950268745422363
9750,15.208620071411133
9751,9.999005317687988
9752,11.694411277770996
9753,8.539718627929688
9754,6.487404823303223
9755,6.633955955505371
9756,7.237788200378418
9757,6.05366325378418
9758,8.15512466430664
9759,12.313638687133789
9760,11.217584609985352
9761,20.46934700012207
9762,12.34185791015625
9763,14.046775817871094
9764,13.445181846618652
9765,14.554461479187012
9766,10.799636840820312
9767,5.933500289916992
9768,9.194230079650879
9769,7.110015392303467
9770,4.523704528808594
9771,7.551130771636963
9772,7.3304643630981445
9773,8.527142524719238
9774,10.05165958404541
9775,9.34117603302002
9776,9.709985733032227
9777,7.091907978057861
9778,10.451842308044434
9779,9.065960884094238
9780,12.614730834960938
9781,13.346524238586426
9782,10.296868324279785
9783,10.95545768737793
9784,8.02247142791748
9785,9.916438102722168
9786,14.84467601776123
9787,10.002063751220703
9788,7.449159622192383
9789,6.430004596710205
9790,3.2701730728149414
9791,4.904557704925537
9792,6.659351825714111
9793,3.0462453365325928
9794,9.162490844726562
9795,7.361639499664307
9796,7.179041385650635
9797,6.676816463470459
9798,4.922561168670654
9799,4.757164001464844
9800,5.040366172790527
9801,6.749565601348877
9802,6.918772220611572
9803,18.76432991027832
9804,18.823081970214844
9805,24.42234230041504
9806,18.097475051879883
9807,15.414365768432617
9808,17.51144027709961
9809,14.4667387008667
9810,10.602849960327148
9811,9.445075988769531
9812,9.534958839416504
9813,7.269114017486572
9814,9.741557121276855
9815,12.728748321533203
9816,11.464925765991211
9817,10.174059867858887
9818,13.394872665405273
9819,13.126310348510742
9820,9.068066596984863
9821,7.385801792144775
9822,9.57996940612793
9823,7.980709075927734
9824,5.970198154449463
9825,14.172468185424805
9826,16.50684928894043
9827,14.858166694641113
9828,7.825395584106445
9829,7.027064323425293
9830,10.305732727050781
9831,10.550459861755371
9832,7.800607204437256
9833,11.596923828125
9834,14.172513961791992
9835,14.858916282653809
9836,11.14890193939209
9837,15.937954902648926
9838,14.019060134887695
9839,12.975164413452148
9840,8.953641891479492
9841,13.461997985839844
9842,9.271600723266602
9843,9.196244239807129
9844,6.679715633392334
9845,5.835904121398926
9846,7.941460609436035
9847,7.625868797302246
9848,10.908722877502441
9849,12.713470458984375
9850,16.84674644470215
9851,12.481847763061523
9852,10.647411346435547
9853,12.78420639038086
9854,10.102229118347168
9855,7.862982273101807
9856,10.941865921020508
9857,15.927024841308594
9858,7.032033443450928
9859,9.182888984680176
9860,9.011877059936523
9861,10.285965919494629
9862,11.919231414794922
9863,12.871705055236816
9864,14.773155212402344
9865,13.429448127746582
9866,15.465923309326172
9867,12.159576416015625
9868,14.414939880371094
9869,19.47955322265625
9870,13.32901382446289
9871,19.19211196899414
9872,9.373797416687012
9873,10.429332733154297
9874,8.570412635803223
9875,6.759973049163818
9876,9.351534843444824
9877,14.282828330993652
9878,17.37433433532715
9879,13.074912071228027
9880,18.72710418701172
9881,24.604318618774414
9882,27.20842170715332
9883,23.071382522583008
9884,19.748994827270508
9885,15.07859992980957
9886,12.430022239685059
9887,5.583625316619873
9888,7.3873491287231445
9889,9.889504432678223
9890,10.677642822265625
9891,9.025341033935547
9892,11.16699504852295
9893,10.060129165649414
9894,10.182613372802734
9895,14.96961784362793
9896,11.38383960723877
9897,12.23817253112793
9898,11.44497013092041
9899,12.065496444702148
9900,10.890289306640625
9901,5.442775249481201
9902,10.579238891601562
9903,9.40354061126709
9904,10.325812339782715
9905,7.75242280960083
9906,4.460846900939941
9907,7.533299922943115
9908,10.134733200073242
9909,9.150094985961914
9910,7.953243255615234
9911,10.743348121643066
9912,8.038795471191406
9913,7.7268757820129395
9914,8.458436965942383
9915,9.118260383605957
9916,8.513558387756348
9917,6.819845676422119
9918,9.303655624389648
9919,9.389609336853027
9920,8.357515335083008
9921,10.515114784240723
9922,9.40271282196045
9923,10.123632431030273
9924,8.61098861694336
9925,11.896846771240234
9926,11.830061912536621
9927,13.341867446899414
9928,10.671382904052734
9929,11.803763389587402
9930,10.90420913696289
9931,12.530692100524902
9932,11.058816909790039
9933,12.044504165649414
9934,12.49657917022705
9935,11.422876358032227
9936,12.414605140686035
9937,9.57685661315918
9938,10.84791088104248
9939,5.367800235748291
9940,7.601922035217285
9941,12.56479549407959
9942,11.481064796447754
9943,11.184517860412598
9944,9.526907920837402
9945,12.10093879699707
9946,10.81017017364502
9947,7.243319988250732
9948,7.138055801391602
9949,7.853893280029297
9950,8.915024757385254
9951,11.660231590270996
9952,9.324994087219238
9953,12.295951843261719
9954,16.889232635498047
9955,16.186140060424805
9956,12.406956672668457
9957,9.181914329528809
9958,13.639957427978516
9959,11.913143157958984
9960,15.163580894470215
9961,14.00255012512207
9962,13.933728218078613
9963,10.91589069366455
9964,7.938478946685791
9965,7.7630157470703125
9966,10.218274116516113
9967,14.956561088562012
9968,10.592906951904297
9969,6.580981731414795
9970,11.613214492797852
9971,10.011543273925781
9972,17.110612869262695
9973,17.92848014831543
9974,17.322465896606445
9975,12.317445755004883
9976,8.223395347595215
9977,10.303279876708984
9978,6.25074577331543
9979,5.410830020904541
9980,7.0482048988342285
9981,7.982727527618408
9982,9.944324493408203
9983,11.681756973266602
9984,16.52702522277832
9985,18.350419998168945
9986,14.520547866821289
9987,16.23822593688965
9988,13.653926849365234
9989,9.32597827911377
9990,10.872405052185059
9991,14.101072311401367
9992,14.499072074890137
9993,7.363888740539551
9994,6.6249237060546875
9995,8.590176582336426
9996,12.286466598510742
9997,10.941468238830566
9998,9.176518440246582
9999,19.32390594482422
