Step,Value
0,96.0
1,0.0
2,1973.0
3,1975.0
4,1964.0
5,1957.0
6,1953.0
7,1919.0
8,49.0
9,0.0
10,0.0
11,1942.0
12,1949.0
13,1909.0
14,1965.0
15,1942.0
16,1947.0
17,1932.0
18,1955.0
19,1962.0
20,1914.0
21,8.0
22,0.0
23,1987.0
24,390.0
25,1969.0
26,137.0
27,1773.0
28,1965.0
29,1951.0
30,1945.0
31,68.0
32,1778.0
33,1957.0
34,1940.0
35,7.0
36,1944.0
37,1900.0
38,1961.0
39,62.0
40,1942.0
41,1944.0
42,1927.0
43,1948.0
44,1931.0
45,1956.0
46,1947.0
47,1959.0
48,1956.0
49,1959.0
50,9.0
51,1939.0
52,1961.0
53,1972.0
54,1974.0
55,1975.0
56,47.0
57,1968.0
58,1970.0
59,1953.0
60,1949.0
61,1953.0
62,1955.0
63,1948.0
64,1970.0
65,1966.0
66,1968.0
67,1967.0
68,99.0
69,1967.0
70,1965.0
71,1971.0
72,1962.0
73,1945.0
74,1883.0
75,1950.0
76,1962.0
77,1962.0
78,1958.0
79,1947.0
80,33.0
81,1929.0
82,1955.0
83,1962.0
84,1857.0
85,1963.0
86,48.0
87,0.0
88,1824.0
89,25.0
90,1953.0
91,1951.0
92,30.0
93,1956.0
94,1940.0
95,11.0
96,1958.0
97,1964.0
98,1979.0
99,1979.0
100,1977.0
101,1982.0
102,109.0
103,1995.0
104,1986.0
105,0.0
106,1985.0
107,1969.0
108,1975.0
109,1969.0
110,1958.0
111,1933.0
112,1922.0
113,0.0
114,1942.0
115,1884.0
116,1961.0
117,1955.0
118,1961.0
119,1968.0
120,1971.0
121,1957.0
122,1943.0
123,1914.0
124,1967.0
125,41.0
126,0.0
127,1947.0
128,1988.0
129,110.0
130,1963.0
131,12.0
132,1962.0
133,1958.0
134,1977.0
135,1955.0
136,1968.0
137,1970.0
138,4.0
139,1962.0
140,1979.0
141,1980.0
142,1975.0
143,1980.0
144,1992.0
145,1980.0
146,138.0
147,1988.0
148,1978.0
149,1984.0
150,0.0
151,1970.0
152,1977.0
153,1964.0
154,1965.0
155,1954.0
156,1956.0
157,1943.0
158,1954.0
159,27.0
160,1967.0
161,1981.0
162,1974.0
163,1969.0
164,1965.0
165,1963.0
166,1929.0
167,1952.0
168,1959.0
169,1943.0
170,1955.0
171,1952.0
172,1947.0
173,1953.0
174,1927.0
175,1955.0
176,1958.0
177,1950.0
178,1968.0
179,1896.0
180,1946.0
181,1956.0
182,1964.0
183,1975.0
184,1961.0
185,1960.0
186,1967.0
187,1972.0
188,1959.0
189,1951.0
190,1962.0
191,1967.0
192,2.0
193,1952.0
194,1958.0
195,1943.0
196,1747.0
197,1954.0
198,1955.0
199,1957.0
200,1960.0
201,1958.0
202,1980.0
203,1975.0
204,1976.0
205,1966.0
206,1964.0
207,1955.0
208,1950.0
209,1947.0
210,1956.0
211,1958.0
212,1950.0
213,1959.0
214,1953.0
215,1963.0
216,1921.0
217,1931.0
218,1960.0
219,1959.0
220,1961.0
221,1972.0
222,1956.0
223,1979.0
224,1967.0
225,1981.0
226,1968.0
227,1967.0
228,1794.0
229,1952.0
230,1938.0
231,1959.0
232,1952.0
233,1957.0
234,1964.0
235,1959.0
236,1962.0
237,1953.0
238,1961.0
239,1957.0
240,1962.0
241,1966.0
242,1949.0
243,1942.0
244,1941.0
245,1977.0
246,1965.0
247,1939.0
248,1916.0
249,1941.0
250,1938.0
251,1958.0
252,1977.0
253,1924.0
254,1958.0
255,1952.0
256,1931.0
257,1983.0
258,1968.0
259,1950.0
260,1984.0
261,1961.0
262,1956.0
263,1960.0
264,1955.0
265,1847.0
266,1972.0
267,1976.0
268,1969.0
269,1934.0
270,1891.0
271,1927.0
272,1962.0
273,1859.0
274,1954.0
275,1952.0
276,1939.0
277,1942.0
278,1953.0
279,1958.0
280,1968.0
281,1958.0
282,1965.0
283,1969.0
284,1966.0
285,1968.0
286,1962.0
287,1965.0
288,1978.0
289,1992.0
290,1902.0
291,1942.0
292,1896.0
293,174.0
294,1954.0
295,1969.0
296,1965.0
297,1955.0
298,1951.0
299,1955.0
300,1896.0
301,1.0
302,1929.0
303,0.0
304,1947.0
305,1954.0
306,1958.0
307,1955.0
308,1969.0
309,1962.0
310,1967.0
311,1869.0
312,1968.0
313,1973.0
314,1955.0
315,1971.0
316,1952.0
317,1956.0
318,1968.0
319,1960.0
320,1938.0
321,1950.0
322,1949.0
323,1933.0
324,1947.0
325,1912.0
326,1954.0
327,1953.0
328,1784.0
329,1961.0
330,1979.0
331,1957.0
332,1971.0
333,1953.0
334,1955.0
335,33.0
336,1853.0
337,1960.0
338,1971.0
339,1974.0
340,1955.0
341,1956.0
342,1965.0
343,1950.0
344,1964.0
345,1946.0
346,29.0
347,1891.0
348,105.0
349,1956.0
350,1966.0
351,1972.0
352,1968.0
353,1962.0
354,1938.0
355,1960.0
356,1861.0
357,1919.0
358,1950.0
359,1921.0
360,1956.0
361,1959.0
362,1980.0
363,1961.0
364,1954.0
365,1960.0
366,1951.0
367,1957.0
368,1965.0
369,1900.0
370,1974.0
371,1962.0
372,1862.0
373,1967.0
374,12.0
375,1860.0
376,1929.0
377,35.0
378,1944.0
379,1970.0
380,1980.0
381,1973.0
382,1980.0
383,1971.0
384,100.0
385,1967.0
386,1968.0
387,1972.0
388,1951.0
389,1955.0
390,1959.0
391,1942.0
392,1920.0
393,11.0
394,1951.0
395,1969.0
396,1971.0
397,1959.0
398,1967.0
399,1959.0
400,1951.0
401,1952.0
402,1974.0
403,1855.0
404,1836.0
405,1859.0
406,1882.0
407,1959.0
408,1953.0
409,1945.0
410,1967.0
411,1957.0
412,1914.0
413,1.0
414,1950.0
415,1952.0
416,1946.0
417,1880.0
418,1924.0
419,1967.0
420,1948.0
421,1928.0
422,1963.0
423,1984.0
424,1963.0
425,1972.0
426,1931.0
427,1964.0
428,1965.0
429,1885.0
430,1955.0
431,1952.0
432,1963.0
433,1957.0
434,1952.0
435,1972.0
436,1969.0
437,1961.0
438,1968.0
439,1826.0
440,1934.0
441,1955.0
442,1953.0
443,1951.0
444,1952.0
445,1960.0
446,1966.0
447,1935.0
448,1957.0
449,1983.0
450,1919.0
451,232.0
452,1810.0
453,1944.0
454,1852.0
455,1975.0
456,1976.0
457,1986.0
458,1982.0
459,1953.0
460,1958.0
461,1864.0
462,1936.0
463,1944.0
464,1803.0
465,1830.0
466,1917.0
467,1929.0
468,1918.0
469,1931.0
470,1931.0
471,1948.0
472,1952.0
473,1959.0
474,1970.0
475,1976.0
476,1978.0
477,1974.0
478,1971.0
479,91.0
480,0.0
481,1942.0
482,45.0
483,1816.0
484,1929.0
485,1936.0
486,1898.0
487,1944.0
488,1942.0
489,1887.0
490,0.0
491,1933.0
492,0.0
493,1894.0
494,1954.0
495,73.0
496,1950.0
497,96.0
498,0.0
499,0.0
500,1873.0
501,1767.0
502,1935.0
503,1885.0
504,1903.0
505,1922.0
506,1937.0
507,1799.0
508,1970.0
509,1950.0
510,1956.0
511,1960.0
512,1976.0
513,1982.0
514,1967.0
515,1941.0
516,1832.0
517,1966.0
518,1967.0
519,1982.0
520,1833.0
521,1856.0
522,1946.0
523,1940.0
524,1962.0
525,1956.0
526,1944.0
527,1933.0
528,1946.0
529,1903.0
530,1938.0
531,1861.0
532,1982.0
533,1970.0
534,1974.0
535,1968.0
536,1960.0
537,1968.0
538,1959.0
539,1959.0
540,1962.0
541,1972.0
542,1946.0
543,1960.0
544,1962.0
545,1985.0
546,1981.0
547,63.0
548,1968.0
549,1967.0
550,1961.0
551,1970.0
552,1973.0
553,1955.0
554,1960.0
555,1959.0
556,1974.0
557,1970.0
558,1933.0
559,1791.0
560,1775.0
561,1760.0
562,1956.0
563,1958.0
564,1952.0
565,54.0
566,1957.0
567,1967.0
568,1970.0
569,1954.0
570,1903.0
571,1957.0
572,1971.0
573,1965.0
574,1963.0
575,1961.0
576,1971.0
577,1900.0
578,1954.0
579,1873.0
580,1967.0
581,1968.0
582,1961.0
583,1941.0
584,1978.0
585,1964.0
586,1958.0
587,1962.0
588,1964.0
589,1956.0
590,1955.0
591,1941.0
592,1953.0
593,1957.0
594,1955.0
595,1941.0
596,1946.0
597,1958.0
598,1966.0
599,1954.0
600,1960.0
601,1967.0
602,1957.0
603,1954.0
604,1956.0
605,1949.0
606,1955.0
607,1946.0
608,1956.0
609,1951.0
610,1950.0
611,1946.0
612,1963.0
613,1971.0
614,1965.0
615,1938.0
616,1973.0
617,1965.0
618,1964.0
619,1962.0
620,1946.0
621,1804.0
622,1953.0
623,1937.0
624,1939.0
625,1845.0
626,1945.0
627,1949.0
628,1963.0
629,1846.0
630,1891.0
631,1961.0
632,1952.0
633,1952.0
634,1873.0
635,1945.0
636,1964.0
637,1960.0
638,1974.0
639,1977.0
640,1979.0
641,1951.0
642,1962.0
643,1943.0
644,1965.0
645,1965.0
646,1944.0
647,1953.0
648,1963.0
649,1965.0
650,1952.0
651,1957.0
652,1943.0
653,1954.0
654,1955.0
655,1972.0
656,1963.0
657,1966.0
658,1987.0
659,1985.0
660,0.0
661,0.0
662,1924.0
663,1828.0
664,1961.0
665,1953.0
666,1948.0
667,1950.0
668,1962.0
669,7.0
670,1958.0
671,1968.0
672,1884.0
673,43.0
674,1974.0
675,1982.0
676,1966.0
677,1917.0
678,1964.0
679,1962.0
680,1969.0
681,1945.0
682,1940.0
683,1956.0
684,1946.0
685,1878.0
686,1935.0
687,1895.0
688,1921.0
689,1937.0
690,1956.0
691,1894.0
692,1949.0
693,1983.0
694,1967.0
695,1952.0
696,1960.0
697,1956.0
698,1955.0
699,1963.0
700,1881.0
701,1937.0
702,1949.0
703,28.0
704,1931.0
705,1957.0
706,1946.0
707,1953.0
708,28.0
709,0.0
710,1951.0
711,1951.0
712,1974.0
713,1973.0
714,1988.0
715,1968.0
716,1950.0
717,1959.0
718,1940.0
719,1952.0
720,1917.0
721,1956.0
722,1951.0
723,1965.0
724,1957.0
725,1966.0
726,1966.0
727,1951.0
728,1907.0
729,1966.0
730,1958.0
731,1938.0
732,1933.0
733,1937.0
734,1862.0
735,1949.0
736,1959.0
737,1972.0
738,1963.0
739,1959.0
740,1955.0
741,1952.0
742,1977.0
743,1964.0
744,1962.0
745,1880.0
746,1967.0
747,1940.0
748,1945.0
749,1942.0
750,1935.0
751,1916.0
752,1935.0
753,1943.0
754,1934.0
755,1946.0
756,1961.0
757,1936.0
758,1950.0
759,1962.0
760,1976.0
761,1961.0
762,1960.0
763,1957.0
764,1957.0
765,1936.0
766,1943.0
767,1936.0
768,1940.0
769,1936.0
770,1928.0
771,1946.0
772,1954.0
773,1944.0
774,1939.0
775,1964.0
776,1960.0
777,1950.0
778,1908.0
779,1960.0
780,1969.0
781,55.0
782,1964.0
783,1948.0
784,1958.0
785,1962.0
786,1962.0
787,1962.0
788,1960.0
789,1948.0
790,1967.0
791,1951.0
792,1944.0
793,1943.0
794,1952.0
795,1935.0
796,1950.0
797,1969.0
798,1955.0
799,1969.0
800,1979.0
801,1979.0
802,1970.0
803,1984.0
804,1956.0
805,110.0
806,1954.0
807,1950.0
808,1964.0
809,1948.0
810,3.0
811,1942.0
812,1931.0
813,1941.0
814,1928.0
815,1943.0
816,1923.0
817,1918.0
818,1942.0
819,1950.0
820,1969.0
821,1965.0
822,1962.0
823,1962.0
824,1957.0
825,1963.0
826,1954.0
827,1960.0
828,1971.0
829,1954.0
830,1960.0
831,1956.0
832,1943.0
833,1942.0
834,1953.0
835,1944.0
836,1945.0
837,1946.0
838,1949.0
839,1972.0
840,1962.0
841,1955.0
842,1967.0
843,1961.0
844,1974.0
845,1956.0
846,1961.0
847,1953.0
848,1980.0
849,1970.0
850,1979.0
851,1967.0
852,1957.0
853,1964.0
854,1937.0
855,1965.0
856,1960.0
857,1963.0
858,1947.0
859,1963.0
860,1964.0
861,1978.0
862,1983.0
863,1986.0
864,1979.0
865,1979.0
866,1964.0
867,1916.0
868,1958.0
869,1960.0
870,1965.0
871,1947.0
872,1964.0
873,1955.0
874,1974.0
875,1961.0
876,1958.0
877,1937.0
878,1939.0
879,1929.0
880,1918.0
881,1919.0
882,1941.0
883,1963.0
884,1968.0
885,1959.0
886,1941.0
887,1960.0
888,1956.0
889,1958.0
890,1975.0
891,1969.0
892,1971.0
893,1969.0
894,1961.0
895,1939.0
896,1958.0
897,1956.0
898,1955.0
899,1932.0
900,1926.0
901,1961.0
902,1909.0
903,1973.0
904,1979.0
905,1986.0
906,1978.0
907,1976.0
908,1961.0
909,1961.0
910,1961.0
911,1965.0
912,1969.0
913,1953.0
914,1966.0
915,1953.0
916,1974.0
917,1960.0
918,1954.0
919,1964.0
920,1951.0
921,1954.0
922,1933.0
923,1963.0
924,1943.0
925,1957.0
926,1947.0
927,1951.0
928,1949.0
929,1955.0
930,1949.0
931,1921.0
932,1959.0
933,1822.0
934,1864.0
935,1951.0
936,1940.0
937,1932.0
938,1951.0
939,1961.0
940,1945.0
941,1958.0
942,1948.0
943,1943.0
944,1964.0
945,1980.0
946,1981.0
947,1978.0
948,1965.0
949,1961.0
950,1966.0
951,1972.0
952,1956.0
953,1967.0
954,1964.0
955,1938.0
956,1962.0
957,1951.0
958,1937.0
959,1896.0
960,1937.0
961,1937.0
962,1938.0
963,1939.0
964,1970.0
965,1970.0
966,1961.0
967,1968.0
968,1964.0
969,1956.0
970,1956.0
971,1949.0
972,1967.0
973,1818.0
974,1920.0
975,1951.0
976,1963.0
977,1963.0
978,1963.0
979,1978.0
980,1989.0
981,1968.0
982,1972.0
983,1978.0
984,1981.0
985,1974.0
986,1978.0
987,1957.0
988,1964.0
989,1943.0
990,1949.0
991,1941.0
992,1960.0
993,1952.0
994,1920.0
995,1941.0
996,1968.0
997,1972.0
998,1987.0
999,1974.0
1000,1975.0
1001,1986.0
1002,1983.0
1003,1973.0
1004,1956.0
1005,1955.0
1006,1968.0
1007,1963.0
1008,1953.0
1009,1951.0
1010,1955.0
1011,1964.0
1012,1963.0
1013,1966.0
1014,1975.0
1015,1940.0
1016,1943.0
1017,1954.0
1018,1972.0
1019,1958.0
1020,1951.0
1021,1953.0
1022,1946.0
1023,1964.0
1024,1961.0
1025,1962.0
1026,1958.0
1027,1978.0
1028,1971.0
1029,1978.0
1030,1975.0
1031,1983.0
1032,1966.0
1033,1963.0
1034,1962.0
1035,1924.0
1036,1954.0
1037,1946.0
1038,1960.0
1039,1935.0
1040,1936.0
1041,1944.0
1042,1956.0
1043,1954.0
1044,1972.0
1045,1981.0
1046,1961.0
1047,1965.0
1048,1964.0
1049,1978.0
1050,1978.0
1051,1984.0
1052,1966.0
1053,1961.0
1054,1939.0
1055,1934.0
1056,1920.0
1057,1933.0
1058,1938.0
1059,1964.0
1060,1957.0
1061,1962.0
1062,1950.0
1063,1967.0
1064,1976.0
1065,1974.0
1066,1959.0
1067,1954.0
1068,1949.0
1069,1936.0
1070,1945.0
1071,1948.0
1072,1945.0
1073,1934.0
1074,1926.0
1075,1939.0
1076,1931.0
1077,1935.0
1078,1942.0
1079,1949.0
1080,1953.0
1081,1962.0
1082,1959.0
1083,1965.0
1084,1968.0
1085,1971.0
1086,1961.0
1087,1956.0
1088,1948.0
1089,1954.0
1090,1911.0
1091,1950.0
1092,1953.0
1093,1946.0
1094,1944.0
1095,1949.0
1096,1950.0
1097,1946.0
1098,1965.0
1099,1946.0
1100,1974.0
1101,1968.0
1102,1948.0
1103,1927.0
1104,1946.0
1105,1949.0
1106,1969.0
1107,1963.0
1108,1961.0
1109,1958.0
1110,1956.0
1111,1976.0
1112,1988.0
1113,1979.0
1114,1997.0
1115,1990.0
1116,1972.0
1117,1958.0
1118,1959.0
1119,1944.0
1120,1927.0
1121,1936.0
1122,1924.0
1123,1932.0
1124,1915.0
1125,1930.0
1126,1953.0
1127,1938.0
1128,1958.0
1129,1980.0
1130,1979.0
1131,1973.0
1132,1989.0
1133,1980.0
1134,1984.0
1135,1980.0
1136,1963.0
1137,1946.0
1138,1950.0
1139,1959.0
1140,1948.0
1141,1961.0
1142,1947.0
1143,1951.0
1144,1950.0
1145,1948.0
1146,1947.0
1147,1949.0
1148,1972.0
1149,1969.0
1150,1955.0
1151,1968.0
1152,1971.0
1153,1969.0
1154,1969.0
1155,1969.0
1156,1969.0
1157,1940.0
1158,1966.0
1159,1961.0
1160,1952.0
1161,1958.0
1162,1954.0
1163,1958.0
1164,1967.0
1165,1943.0
1166,1949.0
1167,1950.0
1168,1955.0
1169,1971.0
1170,1965.0
1171,1968.0
1172,1973.0
1173,1989.0
1174,1987.0
1175,1980.0
1176,1982.0
1177,1967.0
1178,1975.0
1179,1971.0
1180,1967.0
1181,1955.0
1182,1956.0
1183,1960.0
1184,1961.0
1185,1961.0
1186,1953.0
1187,1967.0
1188,1961.0
1189,1960.0
1190,1960.0
1191,1952.0
1192,1948.0
1193,1945.0
1194,1956.0
1195,1945.0
1196,1940.0
1197,1955.0
1198,1957.0
1199,1968.0
1200,1959.0
1201,1966.0
1202,1953.0
1203,1941.0
1204,1959.0
1205,1952.0
1206,1953.0
1207,1933.0
1208,1935.0
1209,1936.0
1210,1947.0
1211,1946.0
1212,1950.0
1213,1954.0
1214,1972.0
1215,1965.0
1216,1969.0
1217,1955.0
1218,1978.0
1219,1968.0
1220,1967.0
1221,1964.0
1222,1971.0
1223,1955.0
1224,1950.0
1225,1938.0
1226,1947.0
1227,1974.0
1228,1948.0
1229,1958.0
1230,1948.0
1231,1970.0
1232,1956.0
1233,1977.0
1234,1980.0
1235,1970.0
1236,1956.0
1237,1972.0
1238,1962.0
1239,1967.0
1240,1943.0
1241,1960.0
1242,1958.0
1243,1955.0
1244,1977.0
1245,1961.0
1246,1957.0
1247,1964.0
1248,1952.0
1249,1969.0
1250,1968.0
1251,1971.0
1252,1966.0
1253,1966.0
1254,1957.0
1255,1952.0
1256,1952.0
1257,1945.0
1258,1947.0
1259,1934.0
1260,1951.0
1261,1953.0
1262,1956.0
1263,1965.0
1264,1970.0
1265,1973.0
1266,1961.0
1267,1960.0
1268,1963.0
1269,1958.0
1270,1951.0
1271,1948.0
1272,1943.0
1273,1941.0
1274,1940.0
1275,1958.0
1276,1978.0
1277,1955.0
1278,1957.0
1279,1951.0
1280,1959.0
1281,1957.0
1282,1958.0
1283,1961.0
1284,1972.0
1285,1965.0
1286,1958.0
1287,1958.0
1288,1954.0
1289,1948.0
1290,1964.0
1291,1957.0
1292,1967.0
1293,1931.0
1294,1963.0
1295,1982.0
1296,1977.0
1297,1993.0
1298,1969.0
1299,1971.0
1300,1970.0
1301,1968.0
1302,1956.0
1303,1961.0
1304,1955.0
1305,1967.0
1306,1967.0
1307,1962.0
1308,1981.0
1309,1971.0
1310,1968.0
1311,1972.0
1312,1964.0
1313,1970.0
1314,1968.0
1315,1948.0
1316,1947.0
1317,1933.0
1318,1954.0
1319,1955.0
1320,1945.0
1321,1939.0
1322,1948.0
1323,1960.0
1324,1950.0
1325,1964.0
1326,1946.0
1327,1969.0
1328,1961.0
1329,1970.0
1330,1956.0
1331,1948.0
1332,1949.0
1333,1924.0
1334,1941.0
1335,1938.0
1336,1924.0
1337,1953.0
1338,1977.0
1339,1951.0
1340,1967.0
1341,1952.0
1342,1962.0
1343,1931.0
1344,1939.0
1345,1933.0
1346,1929.0
1347,1922.0
1348,1933.0
1349,1926.0
1350,1948.0
1351,1968.0
1352,1969.0
1353,1970.0
1354,1967.0
1355,1960.0
1356,1979.0
1357,1979.0
1358,1985.0
1359,1974.0
1360,1958.0
1361,1943.0
1362,1970.0
1363,1970.0
1364,1969.0
1365,1955.0
1366,1952.0
1367,1959.0
1368,1963.0
1369,1970.0
1370,1989.0
1371,1991.0
1372,1995.0
1373,1994.0
1374,1981.0
1375,1973.0
1376,1942.0
1377,1922.0
1378,1933.0
1379,1943.0
1380,1932.0
1381,1938.0
1382,1910.0
1383,1930.0
1384,1950.0
1385,1949.0
1386,1956.0
1387,1953.0
1388,1973.0
1389,1950.0
1390,1935.0
1391,1962.0
1392,1957.0
1393,1968.0
1394,1961.0
1395,1948.0
1396,1966.0
1397,1955.0
1398,1948.0
1399,1965.0
1400,1968.0
1401,1962.0
1402,1979.0
1403,1965.0
1404,1957.0
1405,1964.0
1406,1946.0
1407,1945.0
1408,1938.0
1409,1940.0
1410,1951.0
1411,1934.0
1412,1958.0
1413,1968.0
1414,1960.0
1415,1965.0
1416,1969.0
1417,1977.0
1418,1983.0
1419,1987.0
1420,1987.0
1421,1980.0
1422,1985.0
1423,1988.0
1424,1986.0
1425,1971.0
1426,1977.0
1427,1959.0
1428,1974.0
1429,1962.0
1430,1962.0
1431,1963.0
1432,1958.0
1433,1975.0
1434,1990.0
1435,1971.0
1436,1990.0
1437,1985.0
1438,1974.0
1439,1986.0
1440,1993.0
1441,1965.0
1442,1969.0
1443,1967.0
1444,1953.0
1445,1953.0
1446,1952.0
1447,1960.0
1448,1939.0
1449,1933.0
1450,1933.0
1451,1924.0
1452,1925.0
1453,1926.0
1454,1947.0
1455,1952.0
1456,1959.0
1457,1969.0
1458,1965.0
1459,1981.0
1460,1976.0
1461,1969.0
1462,1971.0
1463,1979.0
1464,1980.0
1465,1960.0
1466,1962.0
1467,1948.0
1468,1961.0
1469,1960.0
1470,1960.0
1471,1949.0
1472,1940.0
1473,1952.0
1474,1955.0
1475,1969.0
1476,1966.0
1477,1949.0
1478,1944.0
1479,1967.0
1480,1937.0
1481,1954.0
1482,1950.0
1483,1942.0
1484,1954.0
1485,1941.0
1486,1968.0
1487,1972.0
1488,1971.0
1489,1969.0
1490,1967.0
1491,1973.0
1492,1971.0
1493,1961.0
1494,1947.0
1495,1949.0
1496,1932.0
1497,1945.0
1498,1958.0
1499,1941.0
1500,1958.0
1501,1951.0
1502,1964.0
1503,1957.0
1504,1971.0
1505,1968.0
1506,1979.0
1507,1982.0
1508,1977.0
1509,1976.0
1510,1965.0
1511,1941.0
1512,1944.0
1513,1940.0
1514,1920.0
1515,1950.0
1516,1914.0
1517,1921.0
1518,1947.0
1519,1957.0
1520,1976.0
1521,1977.0
1522,1983.0
1523,1972.0
1524,1956.0
1525,1976.0
1526,1961.0
1527,1946.0
1528,1948.0
1529,1953.0
1530,1958.0
1531,1918.0
1532,1920.0
1533,1942.0
1534,1939.0
1535,1943.0
1536,1955.0
1537,1961.0
1538,1961.0
1539,1944.0
1540,1959.0
1541,1972.0
1542,1963.0
1543,1953.0
1544,1963.0
1545,1942.0
1546,1955.0
1547,1960.0
1548,1973.0
1549,1979.0
1550,1972.0
1551,1969.0
1552,1991.0
1553,1984.0
1554,1966.0
1555,1978.0
1556,1977.0
1557,1981.0
1558,1965.0
1559,1957.0
1560,1941.0
1561,1956.0
1562,1957.0
1563,1960.0
1564,1946.0
1565,1942.0
1566,1938.0
1567,1958.0
1568,1971.0
1569,1975.0
1570,1959.0
1571,1958.0
1572,1931.0
1573,1958.0
1574,1947.0
1575,1951.0
1576,1949.0
1577,1939.0
1578,1949.0
1579,1959.0
1580,1956.0
1581,1957.0
1582,1962.0
1583,1981.0
1584,1983.0
1585,1973.0
1586,1974.0
1587,1948.0
1588,1962.0
1589,1937.0
1590,1947.0
1591,1957.0
1592,1937.0
1593,1954.0
1594,1964.0
1595,1936.0
1596,1951.0
1597,1948.0
1598,1941.0
1599,1958.0
1600,1978.0
1601,1962.0
1602,1968.0
1603,1957.0
1604,1962.0
1605,1960.0
1606,1963.0
1607,1946.0
1608,1944.0
1609,1942.0
1610,1941.0
1611,1960.0
1612,1943.0
1613,1960.0
1614,1957.0
1615,1949.0
1616,1965.0
1617,1975.0
1618,1959.0
1619,1966.0
1620,1972.0
1621,1969.0
1622,1964.0
1623,1959.0
1624,1955.0
1625,1969.0
1626,1959.0
1627,1959.0
1628,1947.0
1629,1954.0
1630,1939.0
1631,1957.0
1632,1948.0
1633,1943.0
1634,1958.0
1635,1945.0
1636,1953.0
1637,1953.0
1638,1948.0
1639,1931.0
1640,1958.0
1641,1941.0
1642,1968.0
1643,1948.0
1644,1956.0
1645,1941.0
1646,1945.0
1647,1943.0
1648,1940.0
1649,1946.0
1650,1962.0
1651,1950.0
1652,1945.0
1653,1931.0
1654,1962.0
1655,1964.0
1656,1955.0
1657,1967.0
1658,1960.0
1659,1945.0
1660,1962.0
1661,1961.0
1662,1976.0
1663,1970.0
1664,1964.0
1665,1976.0
1666,1969.0
1667,1962.0
1668,1960.0
1669,1965.0
1670,1946.0
1671,1961.0
1672,1961.0
1673,1951.0
1674,1959.0
1675,1952.0
1676,1956.0
1677,1948.0
1678,1974.0
1679,1963.0
1680,1948.0
1681,1960.0
1682,1967.0
1683,1979.0
1684,1970.0
1685,1967.0
1686,1984.0
1687,1971.0
1688,1957.0
1689,1949.0
1690,1963.0
1691,1957.0
1692,1952.0
1693,1962.0
1694,1958.0
1695,1963.0
1696,1960.0
1697,1958.0
1698,1960.0
1699,1965.0
1700,1969.0
1701,1962.0
1702,1963.0
1703,1955.0
1704,1933.0
1705,1957.0
1706,1952.0
1707,1967.0
1708,1978.0
1709,1972.0
1710,1961.0
1711,1949.0
1712,1947.0
1713,1965.0
1714,1942.0
1715,1955.0
1716,1953.0
1717,1960.0
1718,1967.0
1719,1952.0
1720,1955.0
1721,1965.0
1722,1961.0
1723,1953.0
1724,1970.0
1725,1978.0
1726,1966.0
1727,1972.0
1728,1977.0
1729,1971.0
1730,1966.0
1731,1965.0
1732,1953.0
1733,1936.0
1734,1906.0
1735,1932.0
1736,1930.0
1737,1945.0
1738,1932.0
1739,1951.0
1740,1960.0
1741,1979.0
1742,1963.0
1743,1987.0
1744,1982.0
1745,1971.0
1746,1981.0
1747,1986.0
1748,1986.0
1749,1967.0
1750,1949.0
1751,1961.0
1752,1946.0
1753,1950.0
1754,1943.0
1755,1945.0
1756,1929.0
1757,1939.0
1758,1948.0
1759,1954.0
1760,1948.0
1761,1956.0
1762,1951.0
1763,1951.0
1764,1964.0
1765,1956.0
1766,1952.0
1767,1926.0
1768,1924.0
1769,1925.0
1770,1940.0
1771,1966.0
1772,1945.0
1773,1965.0
1774,1968.0
1775,1964.0
1776,1964.0
1777,1959.0
1778,1966.0
1779,1945.0
1780,1948.0
1781,1948.0
1782,1960.0
1783,1935.0
1784,1966.0
1785,1962.0
1786,1956.0
1787,1948.0
1788,1959.0
1789,1966.0
1790,1960.0
1791,1958.0
1792,1958.0
1793,1952.0
1794,1957.0
1795,1976.0
1796,1961.0
1797,1965.0
1798,1961.0
1799,1973.0
1800,1964.0
1801,1957.0
1802,1952.0
1803,1959.0
1804,1964.0
1805,1981.0
1806,1971.0
1807,1972.0
1808,1966.0
1809,1963.0
1810,1961.0
1811,1971.0
1812,1964.0
1813,1959.0
1814,1963.0
1815,1967.0
1816,1970.0
1817,1969.0
1818,1969.0
1819,1969.0
1820,1972.0
1821,1965.0
1822,1961.0
1823,1964.0
1824,1952.0
1825,1962.0
1826,1948.0
1827,1969.0
1828,1964.0
1829,1958.0
1830,1933.0
1831,1956.0
1832,1967.0
1833,1981.0
1834,1981.0
1835,1980.0
1836,1978.0
1837,1964.0
1838,1955.0
1839,1955.0
1840,1952.0
1841,1956.0
1842,1963.0
1843,1935.0
1844,1931.0
1845,1940.0
1846,1952.0
1847,1951.0
1848,1972.0
1849,1978.0
1850,1963.0
1851,1971.0
1852,1954.0
1853,1969.0
1854,1955.0
1855,1969.0
1856,1969.0
1857,1978.0
1858,1979.0
1859,1969.0
1860,1972.0
1861,1955.0
1862,1965.0
1863,1951.0
1864,1948.0
1865,1954.0
1866,1975.0
1867,1960.0
1868,1970.0
1869,1963.0
1870,1960.0
1871,1952.0
1872,1964.0
1873,1934.0
1874,1945.0
1875,1939.0
1876,1940.0
1877,1965.0
1878,1965.0
1879,1972.0
1880,1972.0
1881,1978.0
1882,1986.0
1883,1984.0
1884,1962.0
1885,1971.0
1886,1952.0
1887,1936.0
1888,1951.0
1889,1947.0
1890,1946.0
1891,1938.0
1892,1949.0
1893,1948.0
1894,1947.0
1895,1950.0
1896,1971.0
1897,1966.0
1898,1945.0
1899,1926.0
1900,1948.0
1901,1944.0
1902,1962.0
1903,1952.0
1904,1935.0
1905,1933.0
1906,1931.0
1907,1956.0
1908,1964.0
1909,1968.0
1910,1981.0
1911,1991.0
1912,1978.0
1913,1977.0
1914,1960.0
1915,1944.0
1916,1950.0
1917,1933.0
1918,1951.0
1919,1931.0
1920,1930.0
1921,1947.0
1922,1954.0
1923,1955.0
1924,1965.0
1925,1975.0
1926,1971.0
1927,1966.0
1928,1970.0
1929,1961.0
1930,1958.0
1931,1957.0
1932,1965.0
1933,1960.0
1934,1954.0
1935,1962.0
1936,1965.0
1937,1964.0
1938,1970.0
1939,1965.0
1940,1977.0
1941,1977.0
1942,1963.0
1943,1978.0
1944,1957.0
1945,1970.0
1946,1958.0
1947,1958.0
1948,1958.0
1949,1946.0
1950,1958.0
1951,1960.0
1952,1953.0
1953,1956.0
1954,1939.0
1955,1943.0
1956,1966.0
1957,1959.0
1958,1949.0
1959,1955.0
1960,1949.0
1961,1943.0
1962,1949.0
1963,1903.0
1964,1954.0
1965,1957.0
1966,1956.0
1967,1964.0
1968,1954.0
1969,1945.0
1970,1964.0
1971,1970.0
1972,1983.0
1973,1958.0
1974,1977.0
1975,1965.0
1976,1945.0
1977,1937.0
1978,1944.0
1979,1941.0
1980,1926.0
1981,1923.0
1982,1948.0
1983,1965.0
1984,1964.0
1985,1960.0
1986,1974.0
1987,1982.0
1988,1964.0
1989,1972.0
1990,1954.0
1991,1928.0
1992,1962.0
1993,1968.0
1994,1963.0
1995,1952.0
1996,1959.0
1997,1958.0
1998,1960.0
1999,1967.0
2000,1951.0
2001,1947.0
2002,1966.0
2003,1963.0
2004,1950.0
2005,1955.0
2006,1960.0
2007,1960.0
2008,1949.0
2009,1942.0
2010,1967.0
2011,1955.0
2012,1946.0
2013,1945.0
2014,1966.0
2015,1973.0
2016,1977.0
2017,1972.0
2018,1970.0
2019,1974.0
2020,1970.0
2021,1953.0
2022,1952.0
2023,1936.0
2024,1941.0
2025,1924.0
2026,1941.0
2027,1951.0
2028,1959.0
2029,1964.0
2030,1963.0
2031,1955.0
2032,1980.0
2033,1980.0
2034,1966.0
2035,1954.0
2036,1972.0
2037,1944.0
2038,1945.0
2039,1964.0
2040,1935.0
2041,1935.0
2042,1930.0
2043,1920.0
2044,1950.0
2045,1946.0
2046,1945.0
2047,1966.0
2048,1968.0
2049,1949.0
2050,1972.0
2051,1971.0
2052,1964.0
2053,1943.0
2054,1942.0
2055,1926.0
2056,1940.0
2057,1932.0
2058,1940.0
2059,1958.0
2060,1950.0
2061,1968.0
2062,1952.0
2063,1957.0
2064,1960.0
2065,1955.0
2066,1955.0
2067,1961.0
2068,1955.0
2069,1957.0
2070,1958.0
2071,1964.0
2072,1970.0
2073,1967.0
2074,1979.0
2075,1975.0
2076,1966.0
2077,1971.0
2078,1966.0
2079,1968.0
2080,1948.0
2081,1965.0
2082,1946.0
2083,1946.0
2084,1951.0
2085,1930.0
2086,1949.0
2087,1936.0
2088,1951.0
2089,1949.0
2090,1958.0
2091,1964.0
2092,1966.0
2093,1980.0
2094,1969.0
2095,1963.0
2096,1973.0
2097,1954.0
2098,1950.0
2099,1952.0
2100,1937.0
2101,1939.0
2102,1932.0
2103,1934.0
2104,1945.0
2105,1943.0
2106,1963.0
2107,1967.0
2108,1964.0
2109,1968.0
2110,1956.0
2111,1963.0
2112,1978.0
2113,1959.0
2114,1961.0
2115,1967.0
2116,1961.0
2117,1958.0
2118,1960.0
2119,1962.0
2120,1969.0
2121,1966.0
2122,1956.0
2123,1973.0
2124,1965.0
2125,1967.0
2126,1964.0
2127,1958.0
2128,1964.0
2129,1956.0
2130,1952.0
2131,1955.0
2132,1946.0
2133,1945.0
2134,1952.0
2135,1960.0
2136,1963.0
2137,1958.0
2138,1952.0
2139,1969.0
2140,1981.0
2141,1960.0
2142,1949.0
2143,1945.0
2144,1960.0
2145,1949.0
2146,1947.0
2147,1946.0
2148,1958.0
2149,1937.0
2150,1957.0
2151,1962.0
2152,1962.0
2153,1975.0
2154,1969.0
2155,1967.0
2156,1967.0
2157,1959.0
2158,1974.0
2159,1953.0
2160,1934.0
2161,1937.0
2162,1966.0
2163,1942.0
2164,1951.0
2165,1959.0
2166,1973.0
2167,1966.0
2168,1983.0
2169,1976.0
2170,1980.0
2171,1980.0
2172,1978.0
2173,1982.0
2174,1980.0
2175,1958.0
2176,1961.0
2177,1937.0
2178,1913.0
2179,1939.0
2180,1948.0
2181,1943.0
2182,1925.0
2183,1949.0
2184,1956.0
2185,1956.0
2186,1951.0
2187,1971.0
2188,1972.0
2189,1975.0
2190,1962.0
2191,1963.0
2192,1961.0
2193,1962.0
2194,1964.0
2195,1968.0
2196,1956.0
2197,1955.0
2198,1969.0
2199,1927.0
2200,1961.0
2201,1944.0
2202,1956.0
2203,1948.0
2204,1936.0
2205,1949.0
2206,1927.0
2207,1933.0
2208,1951.0
2209,1972.0
2210,1962.0
2211,1960.0
2212,1953.0
2213,1974.0
2214,1953.0
2215,1953.0
2216,1973.0
2217,1974.0
2218,1963.0
2219,1957.0
2220,1942.0
2221,1950.0
2222,1949.0
2223,1940.0
2224,1948.0
2225,1955.0
2226,1940.0
2227,1959.0
2228,1946.0
2229,1969.0
2230,1966.0
2231,1961.0
2232,1972.0
2233,1966.0
2234,1969.0
2235,1962.0
2236,1941.0
2237,1950.0
2238,1966.0
2239,1964.0
2240,1964.0
2241,1954.0
2242,1956.0
2243,1965.0
2244,1948.0
2245,1934.0
2246,1965.0
2247,1972.0
2248,1964.0
2249,1975.0
2250,1946.0
2251,1962.0
2252,1955.0
2253,1958.0
2254,1963.0
2255,1959.0
2256,1942.0
2257,1940.0
2258,1954.0
2259,1939.0
2260,1970.0
2261,1967.0
2262,1960.0
2263,1952.0
2264,1944.0
2265,1950.0
2266,1953.0
2267,1936.0
2268,1951.0
2269,1948.0
2270,1955.0
2271,1958.0
2272,1961.0
2273,1958.0
2274,1975.0
2275,1979.0
2276,1983.0
2277,1986.0
2278,1982.0
2279,1991.0
2280,1983.0
2281,1967.0
2282,1961.0
2283,1962.0
2284,1944.0
2285,1942.0
2286,1935.0
2287,1932.0
2288,1947.0
2289,1931.0
2290,1953.0
2291,1938.0
2292,1933.0
2293,1957.0
2294,1963.0
2295,1954.0
2296,1945.0
2297,1968.0
2298,1962.0
2299,1944.0
2300,1951.0
2301,1952.0
2302,1971.0
2303,1970.0
2304,1974.0
2305,1961.0
2306,1958.0
2307,1968.0
2308,1961.0
2309,1953.0
2310,1955.0
2311,1951.0
2312,1964.0
2313,1956.0
2314,1955.0
2315,1953.0
2316,1956.0
2317,1962.0
2318,1962.0
2319,1941.0
2320,1947.0
2321,1940.0
2322,1941.0
2323,1944.0
2324,1953.0
2325,1969.0
2326,1960.0
2327,1961.0
2328,1960.0
2329,1961.0
2330,1954.0
2331,1939.0
2332,1948.0
2333,1950.0
2334,1931.0
2335,1930.0
2336,1926.0
2337,1937.0
2338,1944.0
2339,1921.0
2340,1927.0
2341,1953.0
2342,1961.0
2343,1944.0
2344,1949.0
2345,1973.0
2346,1979.0
2347,1970.0
2348,1979.0
2349,1972.0
2350,1968.0
2351,1953.0
2352,1967.0
2353,1958.0
2354,1964.0
2355,1975.0
2356,1966.0
2357,1958.0
2358,1963.0
2359,1955.0
2360,1965.0
2361,1948.0
2362,1937.0
2363,1957.0
2364,1962.0
2365,1942.0
2366,1937.0
2367,1939.0
2368,1959.0
2369,1952.0
2370,1949.0
2371,1933.0
2372,1935.0
2373,1946.0
2374,1968.0
2375,1953.0
2376,1958.0
2377,1965.0
2378,1971.0
2379,1957.0
2380,1960.0
2381,1943.0
2382,1953.0
2383,1960.0
2384,1963.0
2385,1930.0
2386,1963.0
2387,1940.0
2388,1960.0
2389,1954.0
2390,1966.0
2391,1959.0
2392,1938.0
2393,1933.0
2394,1931.0
2395,1921.0
2396,1954.0
2397,1948.0
2398,1969.0
2399,1967.0
2400,1968.0
2401,1972.0
2402,1972.0
2403,1964.0
2404,1970.0
2405,1973.0
2406,1977.0
2407,1973.0
2408,1972.0
2409,1966.0
2410,1970.0
2411,1947.0
2412,1938.0
2413,1937.0
2414,1924.0
2415,1918.0
2416,1920.0
2417,1922.0
2418,1927.0
2419,1960.0
2420,1958.0
2421,1965.0
2422,1953.0
2423,1966.0
2424,1962.0
2425,1966.0
2426,1948.0
2427,1965.0
2428,1950.0
2429,1965.0
2430,1980.0
2431,1976.0
2432,1963.0
2433,1963.0
2434,1980.0
2435,1980.0
2436,1981.0
2437,1982.0
2438,1986.0
2439,1979.0
2440,1973.0
2441,1971.0
2442,1986.0
2443,1961.0
2444,1952.0
2445,1944.0
2446,1953.0
2447,1955.0
2448,1945.0
2449,1955.0
2450,1972.0
2451,1972.0
2452,1963.0
2453,1963.0
2454,1976.0
2455,1955.0
2456,1958.0
2457,1957.0
2458,1945.0
2459,1965.0
2460,1954.0
2461,1964.0
2462,1956.0
2463,1962.0
2464,1975.0
2465,1974.0
2466,1969.0
2467,1965.0
2468,1963.0
2469,1946.0
2470,1939.0
2471,1936.0
2472,1954.0
2473,1958.0
2474,1956.0
2475,1950.0
2476,1949.0
2477,1941.0
2478,1960.0
2479,1963.0
2480,1980.0
2481,1973.0
2482,1979.0
2483,1981.0
2484,1958.0
2485,1961.0
2486,1963.0
2487,1958.0
2488,1936.0
2489,1940.0
2490,1945.0
2491,1939.0
2492,1940.0
2493,1921.0
2494,1947.0
2495,1959.0
2496,1967.0
2497,1986.0
2498,1977.0
2499,1953.0
2500,1964.0
2501,1968.0
2502,1963.0
2503,1968.0
2504,1972.0
2505,1980.0
2506,1947.0
2507,1939.0
2508,1941.0
2509,1940.0
2510,1942.0
2511,1952.0
2512,1947.0
2513,1950.0
2514,1956.0
2515,1956.0
2516,1971.0
2517,1951.0
2518,1961.0
2519,1965.0
2520,1952.0
2521,1930.0
2522,1937.0
2523,1940.0
2524,1948.0
2525,1955.0
2526,1946.0
2527,1943.0
2528,1951.0
2529,1953.0
2530,1919.0
2531,1946.0
2532,1953.0
2533,1940.0
2534,1950.0
2535,1956.0
2536,1960.0
2537,1971.0
2538,1970.0
2539,1974.0
2540,1981.0
2541,1977.0
2542,1978.0
2543,1978.0
2544,1974.0
2545,1970.0
2546,1970.0
2547,1967.0
2548,1976.0
2549,1962.0
2550,1949.0
2551,1927.0
2552,1950.0
2553,1929.0
2554,1929.0
2555,1933.0
2556,1927.0
2557,1920.0
2558,1957.0
2559,1939.0
2560,1955.0
2561,1961.0
2562,1959.0
2563,1958.0
2564,1974.0
2565,1977.0
2566,1971.0
2567,1968.0
2568,1978.0
2569,1958.0
2570,1955.0
2571,1966.0
2572,1916.0
2573,1940.0
2574,1943.0
2575,1920.0
2576,1929.0
2577,1908.0
2578,1943.0
2579,1935.0
2580,1950.0
2581,1955.0
2582,1964.0
2583,1965.0
2584,1984.0
2585,1985.0
2586,1985.0
2587,1985.0
2588,1969.0
2589,1977.0
2590,1979.0
2591,1960.0
2592,1952.0
2593,1957.0
2594,1931.0
2595,1936.0
2596,1947.0
2597,1950.0
2598,1948.0
2599,1967.0
2600,1975.0
2601,1979.0
2602,1974.0
2603,1972.0
2604,1973.0
2605,1964.0
2606,1951.0
2607,1950.0
2608,1944.0
2609,1934.0
2610,1944.0
2611,1946.0
2612,1958.0
2613,1947.0
2614,1956.0
2615,1945.0
2616,1952.0
2617,1933.0
2618,1945.0
2619,1934.0
2620,1965.0
2621,1949.0
2622,1949.0
2623,1946.0
2624,1946.0
2625,1934.0
2626,1946.0
2627,1961.0
2628,1956.0
2629,1961.0
2630,1963.0
2631,1967.0
2632,1987.0
2633,1977.0
2634,1973.0
2635,1949.0
2636,1964.0
2637,1960.0
2638,1950.0
2639,1935.0
2640,1948.0
2641,1929.0
2642,1944.0
2643,1930.0
2644,1879.0
2645,1935.0
2646,1961.0
2647,1961.0
2648,1967.0
2649,1962.0
2650,1970.0
2651,1977.0
2652,1967.0
2653,1982.0
2654,1949.0
2655,1950.0
2656,1935.0
2657,1922.0
2658,1928.0
2659,1932.0
2660,1949.0
2661,1936.0
2662,1955.0
2663,1957.0
2664,1972.0
2665,1963.0
2666,1962.0
2667,1976.0
2668,1958.0
2669,1962.0
2670,1967.0
2671,1962.0
2672,1957.0
2673,1956.0
2674,1961.0
2675,1967.0
2676,1961.0
2677,1962.0
2678,1963.0
2679,1962.0
2680,1960.0
2681,1970.0
2682,1959.0
2683,1959.0
2684,1950.0
2685,1970.0
2686,1977.0
2687,1975.0
2688,1955.0
2689,1969.0
2690,1970.0
2691,1970.0
2692,1967.0
2693,1970.0
2694,1973.0
2695,1985.0
2696,1974.0
2697,1970.0
2698,1971.0
2699,1952.0
2700,1951.0
2701,1969.0
2702,1947.0
2703,1945.0
2704,1935.0
2705,1926.0
2706,1957.0
2707,1941.0
2708,1959.0
2709,1981.0
2710,1957.0
2711,1948.0
2712,1946.0
2713,1952.0
2714,1965.0
2715,1958.0
2716,1960.0
2717,1952.0
2718,1957.0
2719,1974.0
2720,1974.0
2721,1977.0
2722,1973.0
2723,1970.0
2724,1968.0
2725,1979.0
2726,1963.0
2727,1982.0
2728,1986.0
2729,1981.0
2730,1981.0
2731,1966.0
2732,1966.0
2733,1974.0
2734,1984.0
2735,1962.0
2736,1977.0
2737,1972.0
2738,1966.0
2739,1966.0
2740,1971.0
2741,1979.0
2742,1967.0
2743,1967.0
2744,1942.0
2745,1956.0
2746,1959.0
2747,1949.0
2748,1959.0
2749,1949.0
2750,1956.0
2751,1953.0
2752,1954.0
2753,1948.0
2754,1949.0
2755,1945.0
2756,1968.0
2757,1932.0
2758,1959.0
2759,1969.0
2760,1946.0
2761,1950.0
2762,1952.0
2763,1940.0
2764,1963.0
2765,1943.0
2766,1949.0
2767,1978.0
2768,1970.0
2769,1975.0
2770,1966.0
2771,1975.0
2772,1950.0
2773,1956.0
2774,1931.0
2775,1954.0
2776,1936.0
2777,1942.0
2778,1942.0
2779,1951.0
2780,1942.0
2781,1960.0
2782,1961.0
2783,1962.0
2784,1954.0
2785,1957.0
2786,1960.0
2787,1946.0
2788,1955.0
2789,1949.0
2790,1962.0
2791,1966.0
2792,1979.0
2793,1970.0
2794,1969.0
2795,1947.0
2796,1958.0
2797,1949.0
2798,1956.0
2799,1967.0
2800,1957.0
2801,1969.0
2802,1964.0
2803,1980.0
2804,1971.0
2805,1960.0
2806,1944.0
2807,1945.0
2808,1946.0
2809,1942.0
2810,1939.0
2811,1929.0
2812,1957.0
2813,1971.0
2814,1950.0
2815,1961.0
2816,1942.0
2817,1963.0
2818,1948.0
2819,1960.0
2820,1947.0
2821,1960.0
2822,1951.0
2823,1932.0
2824,1961.0
2825,1981.0
2826,1981.0
2827,1971.0
2828,1968.0
2829,1943.0
2830,1957.0
2831,1962.0
2832,1971.0
2833,1980.0
2834,1976.0
2835,1970.0
2836,1964.0
2837,1937.0
2838,1937.0
2839,1935.0
2840,1928.0
2841,1935.0
2842,1942.0
2843,1922.0
2844,1919.0
2845,1931.0
2846,1971.0
2847,1968.0
2848,1978.0
2849,1968.0
2850,1966.0
2851,1970.0
2852,1967.0
2853,1972.0
2854,1971.0
2855,1976.0
2856,1963.0
2857,1967.0
2858,1953.0
2859,1953.0
2860,1947.0
2861,1934.0
2862,1937.0
2863,1928.0
2864,1940.0
2865,1926.0
2866,1951.0
2867,1937.0
2868,1954.0
2869,1975.0
2870,1981.0
2871,1983.0
2872,1984.0
2873,1986.0
2874,1979.0
2875,1982.0
2876,1986.0
2877,1988.0
2878,1963.0
2879,1953.0
2880,1940.0
2881,1954.0
2882,1961.0
2883,1951.0
2884,1942.0
2885,1941.0
2886,1950.0
2887,1947.0
2888,1963.0
2889,1957.0
2890,1968.0
2891,1960.0
2892,1971.0
2893,1953.0
2894,1953.0
2895,1949.0
2896,1944.0
2897,1951.0
2898,1952.0
2899,1943.0
2900,1932.0
2901,1911.0
2902,1929.0
2903,1911.0
2904,1911.0
2905,1934.0
2906,1943.0
2907,1946.0
2908,1953.0
2909,1963.0
2910,1967.0
2911,1964.0
2912,1961.0
2913,1973.0
2914,1941.0
2915,1956.0
2916,1941.0
2917,1952.0
2918,1941.0
2919,1942.0
2920,1968.0
2921,1969.0
2922,1942.0
2923,1935.0
2924,1951.0
2925,1956.0
2926,1942.0
2927,1935.0
2928,1953.0
2929,1962.0
2930,1956.0
2931,1956.0
2932,1950.0
2933,1962.0
2934,1963.0
2935,1965.0
2936,1952.0
2937,1954.0
2938,1969.0
2939,1982.0
2940,1980.0
2941,1975.0
2942,1970.0
2943,1961.0
2944,1966.0
2945,1951.0
2946,1937.0
2947,1937.0
2948,1942.0
2949,1936.0
2950,1935.0
2951,1948.0
2952,1935.0
2953,1973.0
2954,1970.0
2955,1971.0
2956,1981.0
2957,1969.0
2958,1964.0
2959,1985.0
2960,1979.0
2961,1980.0
2962,1979.0
2963,1982.0
2964,1941.0
2965,1954.0
2966,1936.0
2967,1937.0
2968,1939.0
2969,1940.0
2970,1948.0
2971,1963.0
2972,1963.0
2973,1959.0
2974,1974.0
2975,1981.0
2976,1978.0
2977,1961.0
2978,1969.0
2979,1962.0
2980,1946.0
2981,1938.0
2982,1956.0
2983,1966.0
2984,1968.0
2985,1953.0
2986,1943.0
2987,1958.0
2988,1976.0
2989,1960.0
2990,1974.0
2991,1977.0
2992,1980.0
2993,1982.0
2994,1976.0
2995,1975.0
2996,1979.0
2997,1974.0
2998,1960.0
2999,1950.0
3000,1962.0
3001,1950.0
3002,1965.0
3003,1971.0
3004,1981.0
3005,1985.0
3006,1988.0
3007,1985.0
3008,1966.0
3009,1952.0
3010,1951.0
3011,1956.0
3012,1955.0
3013,1942.0
3014,1947.0
3015,1943.0
3016,1972.0
3017,1968.0
3018,1944.0
3019,1960.0
3020,1962.0
3021,1972.0
3022,1971.0
3023,1963.0
3024,1965.0
3025,1957.0
3026,1954.0
3027,1943.0
3028,1953.0
3029,1938.0
3030,1938.0
3031,1935.0
3032,1947.0
3033,1955.0
3034,1959.0
3035,1943.0
3036,1963.0
3037,1968.0
3038,1973.0
3039,1959.0
3040,1965.0
3041,1963.0
3042,1953.0
3043,1960.0
3044,1941.0
3045,1950.0
3046,1943.0
3047,1951.0
3048,1946.0
3049,1952.0
3050,1941.0
3051,1941.0
3052,1957.0
3053,1954.0
3054,1958.0
3055,1971.0
3056,1970.0
3057,1973.0
3058,1973.0
3059,1966.0
3060,1966.0
3061,1947.0
3062,1947.0
3063,1947.0
3064,1943.0
3065,1943.0
3066,1921.0
3067,1959.0
3068,1968.0
3069,1972.0
3070,1971.0
3071,1975.0
3072,1966.0
3073,1969.0
3074,1958.0
3075,1938.0
3076,1948.0
3077,1960.0
3078,1958.0
3079,1971.0
3080,1971.0
3081,1941.0
3082,1936.0
3083,1968.0
3084,1946.0
3085,1961.0
3086,1964.0
3087,1969.0
3088,1959.0
3089,1972.0
3090,1974.0
3091,1968.0
3092,1935.0
3093,1957.0
3094,1954.0
3095,1951.0
3096,1943.0
3097,1961.0
3098,1919.0
3099,1948.0
3100,1948.0
3101,1949.0
3102,1972.0
3103,1960.0
3104,1960.0
3105,1957.0
3106,1942.0
3107,1938.0
3108,1951.0
3109,1955.0
3110,1983.0
3111,1979.0
3112,1977.0
3113,1968.0
3114,1973.0
3115,1974.0
3116,1966.0
3117,1969.0
3118,1970.0
3119,1960.0
3120,1959.0
3121,1966.0
3122,1974.0
3123,1973.0
3124,1962.0
3125,1960.0
3126,1960.0
3127,1934.0
3128,1943.0
3129,1934.0
3130,1949.0
3131,1951.0
3132,1961.0
3133,1975.0
3134,1957.0
3135,1975.0
3136,1967.0
3137,1962.0
3138,1974.0
3139,1967.0
3140,1963.0
3141,1970.0
3142,1954.0
3143,1953.0
3144,1945.0
3145,1953.0
3146,1945.0
3147,1929.0
3148,1928.0
3149,1945.0
3150,1939.0
3151,1941.0
3152,1939.0
3153,1959.0
3154,1957.0
3155,1954.0
3156,1962.0
3157,1960.0
3158,1970.0
3159,1960.0
3160,1967.0
3161,1956.0
3162,1962.0
3163,1972.0
3164,1955.0
3165,1947.0
3166,1961.0
3167,1939.0
3168,1937.0
3169,1934.0
3170,1954.0
3171,1936.0
3172,1925.0
3173,1941.0
3174,1947.0
3175,1917.0
3176,1960.0
3177,1961.0
3178,1959.0
3179,1956.0
3180,1959.0
3181,1968.0
3182,1972.0
3183,1971.0
3184,1981.0
3185,1984.0
3186,1963.0
3187,1951.0
3188,1934.0
3189,1931.0
3190,1928.0
3191,1936.0
3192,1942.0
3193,1942.0
3194,1947.0
3195,1946.0
3196,1950.0
3197,1960.0
3198,1976.0
3199,1980.0
3200,1969.0
3201,1972.0
3202,1963.0
3203,1959.0
3204,1974.0
3205,1969.0
3206,1965.0
3207,1964.0
3208,1950.0
3209,1924.0
3210,1934.0
3211,1940.0
3212,1924.0
3213,1937.0
3214,1945.0
3215,1922.0
3216,1935.0
3217,1956.0
3218,1964.0
3219,1978.0
3220,1965.0
3221,1957.0
3222,1971.0
3223,1952.0
3224,1967.0
3225,1967.0
3226,1957.0
3227,1962.0
3228,1961.0
3229,1955.0
3230,1950.0
3231,1949.0
3232,1958.0
3233,1948.0
3234,1944.0
3235,1920.0
3236,1971.0
3237,1961.0
3238,1978.0
3239,1981.0
3240,1975.0
3241,1974.0
3242,1977.0
3243,1970.0
3244,1990.0
3245,1979.0
3246,1978.0
3247,1984.0
3248,1966.0
3249,1961.0
3250,1950.0
3251,1931.0
3252,1943.0
3253,1938.0
3254,1941.0
3255,1939.0
3256,1958.0
3257,1961.0
3258,1971.0
3259,1977.0
3260,1988.0
3261,1996.0
3262,1987.0
3263,1974.0
3264,1959.0
3265,1976.0
3266,1962.0
3267,1968.0
3268,1963.0
3269,1975.0
3270,1959.0
3271,1953.0
3272,1933.0
3273,1891.0
3274,1949.0
3275,1939.0
3276,1948.0
3277,1944.0
3278,1944.0
3279,1962.0
3280,1870.0
3281,1960.0
3282,1971.0
3283,1957.0
3284,1963.0
3285,1953.0
3286,1971.0
3287,1961.0
3288,1947.0
3289,1962.0
3290,1973.0
3291,1970.0
3292,1968.0
3293,1973.0
3294,1964.0
3295,1968.0
3296,1961.0
3297,1951.0
3298,1960.0
3299,1966.0
3300,1950.0
3301,1919.0
3302,1954.0
3303,1926.0
3304,1939.0
3305,1943.0
3306,1949.0
3307,1945.0
3308,1938.0
3309,1952.0
3310,1958.0
3311,1968.0
3312,1983.0
3313,1983.0
3314,1974.0
3315,1972.0
3316,1968.0
3317,1970.0
3318,1949.0
3319,1965.0
3320,1964.0
3321,1959.0
3322,1951.0
3323,1967.0
3324,1945.0
3325,1959.0
3326,1957.0
3327,1952.0
3328,1968.0
3329,1957.0
3330,1976.0
3331,1960.0
3332,1976.0
3333,1959.0
3334,1965.0
3335,1950.0
3336,1929.0
3337,1938.0
3338,1950.0
3339,1945.0
3340,1947.0
3341,1940.0
3342,1959.0
3343,1942.0
3344,1964.0
3345,1973.0
3346,1971.0
3347,1956.0
3348,1947.0
3349,1939.0
3350,1965.0
3351,1945.0
3352,1947.0
3353,1952.0
3354,1971.0
3355,1973.0
3356,1973.0
3357,1949.0
3358,1945.0
3359,1953.0
3360,1953.0
3361,1947.0
3362,1938.0
3363,1959.0
3364,1951.0
3365,1976.0
3366,1979.0
3367,1965.0
3368,1957.0
3369,1950.0
3370,1954.0
3371,1953.0
3372,1946.0
3373,1956.0
3374,1955.0
3375,1962.0
3376,1957.0
3377,1951.0
3378,1965.0
3379,1976.0
3380,1961.0
3381,1952.0
3382,1965.0
3383,1966.0
3384,1970.0
3385,1981.0
3386,1975.0
3387,1971.0
3388,1970.0
3389,1963.0
3390,1960.0
3391,1952.0
3392,1940.0
3393,1958.0
3394,1957.0
3395,1943.0
3396,1962.0
3397,1976.0
3398,1967.0
3399,1970.0
3400,1973.0
3401,1969.0
3402,1953.0
3403,1959.0
3404,1946.0
3405,1939.0
3406,1939.0
3407,1961.0
3408,1950.0
3409,1934.0
3410,1973.0
3411,1944.0
3412,1937.0
3413,1959.0
3414,1953.0
3415,1939.0
3416,1937.0
3417,1948.0
3418,1964.0
3419,1966.0
3420,1958.0
3421,1958.0
3422,1962.0
3423,1967.0
3424,1961.0
3425,1920.0
3426,1945.0
3427,1961.0
3428,1959.0
3429,1958.0
3430,1961.0
3431,1955.0
3432,1960.0
3433,1956.0
3434,1952.0
3435,1938.0
3436,1946.0
3437,1940.0
3438,1949.0
3439,1964.0
3440,1974.0
3441,1979.0
3442,1975.0
3443,1956.0
3444,1948.0
3445,1949.0
3446,1946.0
3447,1946.0
3448,1951.0
3449,1959.0
3450,1950.0
3451,1934.0
3452,1961.0
3453,1950.0
3454,1973.0
3455,1950.0
3456,1961.0
3457,1949.0
3458,1958.0
3459,1935.0
3460,1931.0
3461,1959.0
3462,1951.0
3463,1965.0
3464,1944.0
3465,1928.0
3466,1919.0
3467,1924.0
3468,1943.0
3469,1940.0
3470,1942.0
3471,1948.0
3472,1949.0
3473,1932.0
3474,1950.0
3475,1961.0
3476,1950.0
3477,1957.0
3478,1957.0
3479,1955.0
3480,1945.0
3481,1951.0
3482,1960.0
3483,1974.0
3484,1966.0
3485,1956.0
3486,1950.0
3487,1969.0
3488,1966.0
3489,1957.0
3490,1941.0
3491,1975.0
3492,1954.0
3493,1968.0
3494,1974.0
3495,1953.0
3496,1938.0
3497,1950.0
3498,1969.0
3499,1969.0
3500,1959.0
3501,1958.0
3502,1953.0
3503,1939.0
3504,1943.0
3505,1958.0
3506,1947.0
3507,1960.0
3508,1970.0
3509,1955.0
3510,1969.0
3511,1982.0
3512,1986.0
3513,1988.0
3514,1991.0
3515,1991.0
3516,1971.0
3517,1957.0
3518,1975.0
3519,1937.0
3520,1956.0
3521,1935.0
3522,1949.0
3523,1949.0
3524,1938.0
3525,1961.0
3526,1954.0
3527,1980.0
3528,1978.0
3529,1966.0
3530,1984.0
3531,1982.0
3532,1987.0
3533,1984.0
3534,1971.0
3535,1970.0
3536,1971.0
3537,1950.0
3538,1936.0
3539,1936.0
3540,1928.0
3541,1922.0
3542,1928.0
3543,1945.0
3544,1966.0
3545,1981.0
3546,1980.0
3547,1979.0
3548,1982.0
3549,1971.0
3550,1959.0
3551,1953.0
3552,1968.0
3553,1958.0
3554,1956.0
3555,1930.0
3556,1947.0
3557,1940.0
3558,1959.0
3559,1913.0
3560,1933.0
3561,1945.0
3562,1938.0
3563,1959.0
3564,1948.0
3565,1942.0
3566,1963.0
3567,1969.0
3568,1965.0
3569,1983.0
3570,1979.0
3571,1983.0
3572,1972.0
3573,1985.0
3574,1979.0
3575,1977.0
3576,1984.0
3577,1978.0
3578,1981.0
3579,1971.0
3580,1953.0
3581,1957.0
3582,1957.0
3583,1950.0
3584,1929.0
3585,1951.0
3586,1950.0
3587,1959.0
3588,1958.0
3589,1950.0
3590,1933.0
3591,1941.0
3592,1966.0
3593,1963.0
3594,1962.0
3595,1947.0
3596,1972.0
3597,1948.0
3598,1963.0
3599,1963.0
3600,1969.0
3601,1966.0
3602,1962.0
3603,1959.0
3604,1966.0
3605,1955.0
3606,1966.0
3607,1953.0
3608,1955.0
3609,1942.0
3610,1950.0
3611,1957.0
3612,1969.0
3613,1940.0
3614,1957.0
3615,1963.0
3616,1957.0
3617,1932.0
3618,1960.0
3619,1979.0
3620,1969.0
3621,1970.0
3622,1965.0
3623,1955.0
3624,1941.0
3625,1946.0
3626,1959.0
3627,1957.0
3628,1952.0
3629,1946.0
3630,1948.0
3631,1943.0
3632,1941.0
3633,1938.0
3634,1930.0
3635,1938.0
3636,1954.0
3637,1948.0
3638,1961.0
3639,1966.0
3640,1976.0
3641,1992.0
3642,1997.0
3643,1988.0
3644,1963.0
3645,1963.0
3646,1947.0
3647,1944.0
3648,1959.0
3649,1947.0
3650,1956.0
3651,1952.0
3652,1964.0
3653,1961.0
3654,1951.0
3655,1955.0
3656,1974.0
3657,1954.0
3658,1921.0
3659,1935.0
3660,1930.0
3661,1919.0
3662,1913.0
3663,1918.0
3664,1888.0
3665,1940.0
3666,1887.0
3667,1931.0
3668,1917.0
3669,1920.0
3670,1925.0
3671,1953.0
3672,1955.0
3673,1948.0
3674,1973.0
3675,1961.0
3676,1948.0
3677,1966.0
3678,1949.0
3679,1954.0
3680,1938.0
3681,1957.0
3682,1937.0
3683,1957.0
3684,1940.0
3685,1946.0
3686,1948.0
3687,1965.0
3688,1954.0
3689,1958.0
3690,1941.0
3691,1949.0
3692,1926.0
3693,1935.0
3694,1957.0
3695,1960.0
3696,1952.0
3697,1949.0
3698,1964.0
3699,1958.0
3700,1962.0
3701,1957.0
3702,1952.0
3703,1955.0
3704,1953.0
3705,1968.0
3706,1949.0
3707,1943.0
3708,1963.0
3709,1958.0
3710,1967.0
3711,1961.0
3712,1968.0
3713,1937.0
3714,1950.0
3715,1976.0
3716,1957.0
3717,1966.0
3718,1947.0
3719,1960.0
3720,1958.0
3721,1936.0
3722,1928.0
3723,1951.0
3724,1944.0
3725,1963.0
3726,1968.0
3727,1970.0
3728,1970.0
3729,1933.0
3730,1979.0
3731,1972.0
3732,1975.0
3733,1976.0
3734,1965.0
3735,1981.0
3736,1974.0
3737,1954.0
3738,1942.0
3739,1961.0
3740,1951.0
3741,1942.0
3742,1937.0
3743,1927.0
3744,1945.0
3745,1936.0
3746,1932.0
3747,1946.0
3748,1962.0
3749,1963.0
3750,1964.0
3751,1964.0
3752,1952.0
3753,1968.0
3754,1976.0
3755,1971.0
3756,1967.0
3757,1961.0
3758,1976.0
3759,1968.0
3760,1949.0
3761,1963.0
3762,1943.0
3763,1959.0
3764,1942.0
3765,1961.0
3766,1979.0
3767,1971.0
3768,1983.0
3769,1969.0
3770,1975.0
3771,1965.0
3772,1947.0
3773,1934.0
3774,1951.0
3775,1928.0
3776,1914.0
3777,1886.0
3778,1930.0
3779,1938.0
3780,1951.0
3781,1941.0
3782,1954.0
3783,1964.0
3784,1955.0
3785,1952.0
3786,1943.0
3787,1955.0
3788,1965.0
3789,1925.0
3790,1958.0
3791,1930.0
3792,1952.0
3793,1968.0
3794,1944.0
3795,1945.0
3796,1945.0
3797,1957.0
3798,1966.0
3799,1937.0
3800,1955.0
3801,1982.0
3802,1967.0
3803,1970.0
3804,1964.0
3805,1948.0
3806,1959.0
3807,1973.0
3808,1965.0
3809,1963.0
3810,1969.0
3811,1968.0
3812,1964.0
3813,1959.0
3814,1949.0
3815,1959.0
3816,1962.0
3817,1962.0
3818,1957.0
3819,1958.0
3820,1955.0
3821,1950.0
3822,1974.0
3823,1952.0
3824,1949.0
3825,1953.0
3826,1943.0
3827,1935.0
3828,1962.0
3829,1949.0
3830,1946.0
3831,1961.0
3832,1953.0
3833,1986.0
3834,1973.0
3835,1957.0
3836,1927.0
3837,1919.0
3838,1929.0
3839,1960.0
3840,1938.0
3841,1979.0
3842,1967.0
3843,1979.0
3844,1994.0
3845,1936.0
3846,1935.0
3847,1927.0
3848,1932.0
3849,1944.0
3850,1944.0
3851,1936.0
3852,1945.0
3853,1937.0
3854,1948.0
3855,1972.0
3856,1967.0
3857,1950.0
3858,1958.0
3859,1948.0
3860,1948.0
3861,1959.0
3862,1956.0
3863,1968.0
3864,1978.0
3865,1978.0
3866,1964.0
3867,1969.0
3868,1958.0
3869,1957.0
3870,1947.0
3871,1956.0
3872,1953.0
3873,1946.0
3874,1957.0
3875,1955.0
3876,1973.0
3877,1962.0
3878,1959.0
3879,1954.0
3880,1963.0
3881,1945.0
3882,1952.0
3883,1940.0
3884,1955.0
3885,1973.0
3886,1967.0
3887,1960.0
3888,1979.0
3889,1968.0
3890,1964.0
3891,1947.0
3892,1951.0
3893,1978.0
3894,1951.0
3895,1911.0
3896,1960.0
3897,1948.0
3898,1973.0
3899,1969.0
3900,1960.0
3901,1947.0
3902,1962.0
3903,1959.0
3904,1954.0
3905,1970.0
3906,1971.0
3907,1957.0
3908,1954.0
3909,1950.0
3910,1959.0
3911,1930.0
3912,1946.0
3913,1941.0
3914,1943.0
3915,1950.0
3916,1930.0
3917,1943.0
3918,1948.0
3919,1955.0
3920,1957.0
3921,1952.0
3922,1946.0
3923,1951.0
3924,1936.0
3925,1944.0
3926,1936.0
3927,1931.0
3928,1944.0
3929,1947.0
3930,1958.0
3931,1953.0
3932,1948.0
3933,1937.0
3934,1926.0
3935,1943.0
3936,1963.0
3937,1951.0
3938,1955.0
3939,1957.0
3940,1953.0
3941,1957.0
3942,1968.0
3943,1974.0
3944,1973.0
3945,1960.0
3946,1956.0
3947,1949.0
3948,1939.0
3949,1950.0
3950,1947.0
3951,1966.0
3952,1943.0
3953,1957.0
3954,1948.0
3955,1940.0
3956,1953.0
3957,1960.0
3958,1960.0
3959,1952.0
3960,1942.0
3961,1943.0
3962,1946.0
3963,1969.0
3964,1957.0
3965,1947.0
3966,1953.0
3967,1946.0
3968,1971.0
3969,1961.0
3970,1958.0
3971,1969.0
3972,1976.0
3973,1954.0
3974,1949.0
3975,1942.0
3976,1947.0
3977,1939.0
3978,1943.0
3979,1938.0
3980,1948.0
3981,1960.0
3982,1936.0
3983,1947.0
3984,1934.0
3985,1945.0
3986,1942.0
3987,1943.0
3988,1955.0
3989,1953.0
3990,1969.0
3991,1978.0
3992,1964.0
3993,1976.0
3994,1990.0
3995,1953.0
3996,1958.0
3997,1966.0
3998,1971.0
3999,1968.0
4000,1960.0
4001,1970.0
4002,1974.0
4003,1965.0
4004,1972.0
4005,1977.0
4006,1975.0
4007,1979.0
4008,1959.0
4009,1961.0
4010,1956.0
4011,1953.0
4012,1955.0
4013,1960.0
4014,1967.0
4015,1946.0
4016,1953.0
4017,1949.0
4018,1944.0
4019,1960.0
4020,1960.0
4021,1954.0
4022,1974.0
4023,1991.0
4024,1978.0
4025,1967.0
4026,1972.0
4027,1963.0
4028,1957.0
4029,1952.0
4030,1932.0
4031,1932.0
4032,1933.0
4033,1948.0
4034,1933.0
4035,1919.0
4036,1942.0
4037,1947.0
4038,1973.0
4039,1942.0
4040,1970.0
4041,1958.0
4042,1957.0
4043,1977.0
4044,1973.0
4045,1964.0
4046,1933.0
4047,1964.0
4048,1951.0
4049,1956.0
4050,1935.0
4051,1957.0
4052,1954.0
4053,1947.0
4054,1961.0
4055,1968.0
4056,1949.0
4057,1939.0
4058,1947.0
4059,1966.0
4060,1947.0
4061,1954.0
4062,1939.0
4063,1943.0
4064,1949.0
4065,1950.0
4066,1965.0
4067,1964.0
4068,1965.0
4069,1936.0
4070,1915.0
4071,1962.0
4072,1927.0
4073,1929.0
4074,1950.0
4075,1943.0
4076,1944.0
4077,1941.0
4078,1946.0
4079,1952.0
4080,1929.0
4081,1964.0
4082,1970.0
4083,1976.0
4084,1983.0
4085,1971.0
4086,1961.0
4087,1970.0
4088,1927.0
4089,1961.0
4090,1961.0
4091,1936.0
4092,1936.0
4093,1949.0
4094,1957.0
4095,1966.0
4096,1957.0
4097,1968.0
4098,1983.0
4099,1971.0
4100,1947.0
4101,1959.0
4102,1982.0
4103,1967.0
4104,1958.0
4105,1961.0
4106,1946.0
4107,1955.0
4108,1928.0
4109,1864.0
4110,1903.0
4111,1914.0
4112,1866.0
4113,1920.0
4114,1934.0
4115,1957.0
4116,1955.0
4117,1968.0
4118,1959.0
4119,1981.0
4120,1972.0
4121,1971.0
4122,1961.0
4123,1955.0
4124,1941.0
4125,1949.0
4126,1943.0
4127,1950.0
4128,1962.0
4129,1963.0
4130,1971.0
4131,1972.0
4132,1968.0
4133,1954.0
4134,1953.0
4135,1967.0
4136,1969.0
4137,1967.0
4138,1952.0
4139,1972.0
4140,1968.0
4141,1969.0
4142,1956.0
4143,1972.0
4144,1960.0
4145,1962.0
4146,1962.0
4147,1958.0
4148,1962.0
4149,1965.0
4150,1961.0
4151,1966.0
4152,1970.0
4153,1950.0
4154,1943.0
4155,1955.0
4156,1953.0
4157,1952.0
4158,1948.0
4159,1956.0
4160,1937.0
4161,1936.0
4162,1957.0
4163,1933.0
4164,1925.0
4165,1923.0
4166,1937.0
4167,1954.0
4168,1956.0
4169,1936.0
4170,1905.0
4171,1934.0
4172,1946.0
4173,1943.0
4174,1931.0
4175,1948.0
4176,1945.0
4177,1947.0
4178,1966.0
4179,1966.0
4180,1955.0
4181,1965.0
4182,1939.0
4183,1948.0
4184,1954.0
4185,1954.0
4186,1944.0
4187,1929.0
4188,1943.0
4189,1953.0
4190,1939.0
4191,1924.0
4192,1912.0
4193,1920.0
4194,1923.0
4195,1911.0
4196,1920.0
4197,1953.0
4198,1953.0
4199,1929.0
4200,1957.0
4201,1955.0
4202,1939.0
4203,1956.0
4204,1962.0
4205,1955.0
4206,1945.0
4207,1947.0
4208,1963.0
4209,1965.0
4210,1968.0
4211,1969.0
4212,1971.0
4213,1957.0
4214,1966.0
4215,1947.0
4216,1953.0
4217,1942.0
4218,1943.0
4219,1948.0
4220,1926.0
4221,1944.0
4222,1946.0
4223,1952.0
4224,1939.0
4225,1959.0
4226,1952.0
4227,1952.0
4228,1950.0
4229,1948.0
4230,1965.0
4231,1960.0
4232,1944.0
4233,1965.0
4234,1956.0
4235,1957.0
4236,1969.0
4237,1968.0
4238,1956.0
4239,1950.0
4240,1965.0
4241,1956.0
4242,1953.0
4243,1968.0
4244,1970.0
4245,1976.0
4246,1965.0
4247,1957.0
4248,1940.0
4249,1949.0
4250,1943.0
4251,1941.0
4252,1946.0
4253,1943.0
4254,1948.0
4255,1961.0
4256,1944.0
4257,1969.0
4258,1979.0
4259,1973.0
4260,1951.0
4261,1958.0
4262,1976.0
4263,1946.0
4264,1955.0
4265,1961.0
4266,1964.0
4267,1967.0
4268,1955.0
4269,1953.0
4270,1940.0
4271,1924.0
4272,1944.0
4273,1938.0
4274,1934.0
4275,1955.0
4276,1943.0
4277,1940.0
4278,1970.0
4279,1946.0
4280,1978.0
4281,1953.0
4282,1958.0
4283,1974.0
4284,1965.0
4285,1961.0
4286,1971.0
4287,1962.0
4288,1966.0
4289,1965.0
4290,1950.0
4291,1952.0
4292,1929.0
4293,1929.0
4294,1940.0
4295,1918.0
4296,1940.0
4297,1956.0
4298,1965.0
4299,1980.0
4300,1976.0
4301,1953.0
4302,1954.0
4303,1952.0
4304,1958.0
4305,1929.0
4306,1964.0
4307,1939.0
4308,1958.0
4309,1964.0
4310,1969.0
4311,1948.0
4312,1968.0
4313,1957.0
4314,1957.0
4315,1940.0
4316,1949.0
4317,1956.0
4318,1950.0
4319,1958.0
4320,1962.0
4321,1976.0
4322,1967.0
4323,1973.0
4324,1960.0
4325,1965.0
4326,1924.0
4327,1936.0
4328,1942.0
4329,1914.0
4330,1849.0
4331,1935.0
4332,1954.0
4333,1944.0
4334,1949.0
4335,1887.0
4336,1928.0
4337,1929.0
4338,1944.0
4339,1915.0
4340,1906.0
4341,1923.0
4342,1909.0
4343,1944.0
4344,1936.0
4345,1921.0
4346,1930.0
4347,1931.0
4348,1937.0
4349,1941.0
4350,1949.0
4351,1952.0
4352,1954.0
4353,1952.0
4354,1919.0
4355,1942.0
4356,1931.0
4357,1948.0
4358,1946.0
4359,1925.0
4360,1944.0
4361,1938.0
4362,1958.0
4363,1965.0
4364,1969.0
4365,1977.0
4366,1982.0
4367,1974.0
4368,1985.0
4369,1989.0
4370,1982.0
4371,1989.0
4372,1983.0
4373,1977.0
4374,1972.0
4375,1968.0
4376,1949.0
4377,1926.0
4378,1957.0
4379,1933.0
4380,1916.0
4381,1861.0
4382,1804.0
4383,1881.0
4384,1925.0
4385,1919.0
4386,1947.0
4387,1932.0
4388,1963.0
4389,1957.0
4390,1957.0
4391,1943.0
4392,1970.0
4393,1980.0
4394,1978.0
4395,1976.0
4396,1966.0
4397,1979.0
4398,1971.0
4399,1962.0
4400,1950.0
4401,1947.0
4402,1948.0
4403,1940.0
4404,1950.0
4405,1969.0
4406,1960.0
4407,1949.0
4408,1948.0
4409,1951.0
4410,1947.0
4411,1948.0
4412,1969.0
4413,1953.0
4414,1894.0
4415,1966.0
4416,1958.0
4417,1941.0
4418,1948.0
4419,1948.0
4420,1943.0
4421,1959.0
4422,1951.0
4423,1945.0
4424,1964.0
4425,1954.0
4426,1958.0
4427,1965.0
4428,1970.0
4429,1961.0
4430,1935.0
4431,1931.0
4432,1929.0
4433,1942.0
4434,1941.0
4435,1941.0
4436,1898.0
4437,1920.0
4438,1961.0
4439,1964.0
4440,1963.0
4441,1964.0
4442,1960.0
4443,1956.0
4444,1951.0
4445,1958.0
4446,1973.0
4447,1966.0
4448,1983.0
4449,1984.0
4450,1974.0
4451,1956.0
4452,1957.0
4453,1951.0
4454,1956.0
4455,1958.0
4456,1935.0
4457,1972.0
4458,1974.0
4459,1979.0
4460,1966.0
4461,1968.0
4462,1952.0
4463,1946.0
4464,1923.0
4465,1931.0
4466,1942.0
4467,1935.0
4468,1923.0
4469,1940.0
4470,1925.0
4471,1919.0
4472,1954.0
4473,1933.0
4474,1949.0
4475,1941.0
4476,1942.0
4477,1922.0
4478,1931.0
4479,1966.0
4480,1967.0
4481,1970.0
4482,1929.0
4483,1956.0
4484,1928.0
4485,1952.0
4486,1960.0
4487,1957.0
4488,1967.0
4489,1956.0
4490,1943.0
4491,1945.0
4492,1953.0
4493,1964.0
4494,1954.0
4495,1954.0
4496,1949.0
4497,1949.0
4498,1940.0
4499,1938.0
4500,1963.0
4501,1972.0
4502,1958.0
4503,1958.0
4504,1971.0
4505,1962.0
4506,1960.0
4507,1969.0
4508,1951.0
4509,1948.0
4510,1952.0
4511,1964.0
4512,1963.0
4513,1957.0
4514,1941.0
4515,1941.0
4516,1959.0
4517,1963.0
4518,1953.0
4519,1944.0
4520,1940.0
4521,1956.0
4522,1981.0
4523,1961.0
4524,1962.0
4525,1962.0
4526,1959.0
4527,1965.0
4528,1957.0
4529,1968.0
4530,1969.0
4531,1964.0
4532,1971.0
4533,1965.0
4534,1946.0
4535,1940.0
4536,1938.0
4537,1930.0
4538,1952.0
4539,1944.0
4540,1935.0
4541,1933.0
4542,1933.0
4543,1955.0
4544,1961.0
4545,1943.0
4546,1958.0
4547,1962.0
4548,1953.0
4549,1965.0
4550,1967.0
4551,1966.0
4552,1972.0
4553,1970.0
4554,1976.0
4555,1991.0
4556,1966.0
4557,1971.0
4558,1953.0
4559,1963.0
4560,1960.0
4561,1949.0
4562,1965.0
4563,1945.0
4564,1978.0
4565,1979.0
4566,1969.0
4567,1953.0
4568,1946.0
4569,1944.0
4570,1969.0
4571,1963.0
4572,1961.0
4573,1959.0
4574,1967.0
4575,1957.0
4576,1966.0
4577,1959.0
4578,1956.0
4579,1940.0
4580,1948.0
4581,1963.0
4582,1948.0
4583,1945.0
4584,1954.0
4585,1942.0
4586,1970.0
4587,1973.0
4588,1973.0
4589,1969.0
4590,1959.0
4591,1971.0
4592,1979.0
4593,1965.0
4594,1952.0
4595,1946.0
4596,1958.0
4597,1937.0
4598,1948.0
4599,1925.0
4600,1954.0
4601,1935.0
4602,1935.0
4603,1924.0
4604,1949.0
4605,1931.0
4606,1959.0
4607,1969.0
4608,1985.0
4609,1976.0
4610,1958.0
4611,1977.0
4612,1959.0
4613,1964.0
4614,1941.0
4615,1946.0
4616,1935.0
4617,1931.0
4618,1931.0
4619,1927.0
4620,1931.0
4621,1945.0
4622,1965.0
4623,1958.0
4624,1968.0
4625,1971.0
4626,1969.0
4627,1960.0
4628,1962.0
4629,1979.0
4630,1972.0
4631,1960.0
4632,1958.0
4633,1957.0
4634,1952.0
4635,1937.0
4636,1961.0
4637,1968.0
4638,1965.0
4639,1976.0
4640,1972.0
4641,1951.0
4642,1937.0
4643,1923.0
4644,1946.0
4645,1947.0
4646,1944.0
4647,1949.0
4648,1947.0
4649,1939.0
4650,1952.0
4651,1967.0
4652,1980.0
4653,1981.0
4654,1982.0
4655,1977.0
4656,1969.0
4657,1971.0
4658,1961.0
4659,1959.0
4660,1966.0
4661,1963.0
4662,1949.0
4663,1940.0
4664,1929.0
4665,1941.0
4666,1946.0
4667,1959.0
4668,1954.0
4669,1970.0
4670,1965.0
4671,1969.0
4672,1966.0
4673,1961.0
4674,1965.0
4675,1936.0
4676,1958.0
4677,1935.0
4678,1968.0
4679,1947.0
4680,1948.0
4681,1923.0
4682,1971.0
4683,1945.0
4684,1948.0
4685,1948.0
4686,1953.0
4687,1958.0
4688,1968.0
4689,1955.0
4690,1967.0
4691,1929.0
4692,1966.0
4693,1970.0
4694,1966.0
4695,1960.0
4696,1960.0
4697,1951.0
4698,1944.0
4699,1966.0
4700,1970.0
4701,1972.0
4702,1947.0
4703,1959.0
4704,1960.0
4705,1946.0
4706,1929.0
4707,1933.0
4708,1932.0
4709,1943.0
4710,1950.0
4711,1948.0
4712,1942.0
4713,1920.0
4714,1940.0
4715,1941.0
4716,1962.0
4717,1950.0
4718,1957.0
4719,1940.0
4720,1945.0
4721,1974.0
4722,1963.0
4723,1971.0
4724,1966.0
4725,1948.0
4726,1956.0
4727,1933.0
4728,1934.0
4729,1956.0
4730,1960.0
4731,1948.0
4732,1947.0
4733,1952.0
4734,1948.0
4735,1944.0
4736,1948.0
4737,1940.0
4738,1944.0
4739,1948.0
4740,1936.0
4741,1963.0
4742,1917.0
4743,1931.0
4744,1966.0
4745,1957.0
4746,1944.0
4747,1925.0
4748,1945.0
4749,1916.0
4750,1940.0
4751,1956.0
4752,1966.0
4753,1957.0
4754,1960.0
4755,1959.0
4756,1954.0
4757,1942.0
4758,1941.0
4759,1916.0
4760,1943.0
4761,1951.0
4762,1969.0
4763,1971.0
4764,1981.0
4765,1961.0
4766,1961.0
4767,1963.0
4768,1961.0
4769,1952.0
4770,1926.0
4771,1951.0
4772,1947.0
4773,1935.0
4774,1935.0
4775,1949.0
4776,1945.0
4777,1947.0
4778,1962.0
4779,1968.0
4780,1963.0
4781,1970.0
4782,1952.0
4783,1960.0
4784,1962.0
4785,1971.0
4786,1978.0
4787,1970.0
4788,1965.0
4789,1927.0
4790,1938.0
4791,1940.0
4792,1975.0
4793,1965.0
4794,1945.0
4795,1948.0
4796,1939.0
4797,1957.0
4798,1967.0
4799,1959.0
4800,1975.0
4801,1950.0
4802,1936.0
4803,1943.0
4804,1939.0
4805,1934.0
4806,1938.0
4807,1937.0
4808,1943.0
4809,1959.0
4810,1957.0
4811,1966.0
4812,1957.0
4813,1965.0
4814,1962.0
4815,1987.0
4816,1998.0
4817,1988.0
4818,1977.0
4819,1982.0
4820,1948.0
4821,1961.0
4822,1939.0
4823,1951.0
4824,1937.0
4825,1932.0
4826,1935.0
4827,1947.0
4828,1935.0
4829,1954.0
4830,1949.0
4831,1970.0
4832,1962.0
4833,1968.0
4834,1961.0
4835,1964.0
4836,1965.0
4837,1955.0
4838,1970.0
4839,1944.0
4840,1967.0
4841,1956.0
4842,1959.0
4843,1940.0
4844,1947.0
4845,1952.0
4846,1949.0
4847,1947.0
4848,1954.0
4849,1932.0
4850,1948.0
4851,1952.0
4852,1969.0
4853,1963.0
4854,1958.0
4855,1955.0
4856,1948.0
4857,1942.0
4858,1928.0
4859,1947.0
4860,1960.0
4861,1973.0
4862,1973.0
4863,1941.0
4864,1940.0
4865,1928.0
4866,1949.0
4867,1957.0
4868,1917.0
4869,1939.0
4870,1939.0
4871,1919.0
4872,1950.0
4873,1972.0
4874,1954.0
4875,1953.0
4876,1938.0
4877,1967.0
4878,1974.0
4879,1961.0
4880,1969.0
4881,1954.0
4882,1967.0
4883,1976.0
4884,1965.0
4885,1974.0
4886,1961.0
4887,1955.0
4888,1966.0
4889,1962.0
4890,1940.0
4891,1952.0
4892,1950.0
4893,1958.0
4894,1978.0
4895,1994.0
4896,1985.0
4897,1971.0
4898,1968.0
4899,1972.0
4900,1966.0
4901,1977.0
4902,1944.0
4903,1955.0
4904,1958.0
4905,1933.0
4906,1936.0
4907,1940.0
4908,1942.0
4909,1936.0
4910,1937.0
4911,1934.0
4912,1923.0
4913,1944.0
4914,1948.0
4915,1980.0
4916,1969.0
4917,1963.0
4918,1946.0
4919,1928.0
4920,1926.0
4921,1957.0
4922,1968.0
4923,1950.0
4924,1956.0
4925,1949.0
4926,1950.0
4927,1935.0
4928,1931.0
4929,1946.0
4930,1943.0
4931,1933.0
4932,1940.0
4933,1949.0
4934,1963.0
4935,1968.0
4936,1970.0
4937,1961.0
4938,1957.0
4939,1970.0
4940,1955.0
4941,1968.0
4942,1964.0
4943,1981.0
4944,1984.0
4945,1963.0
4946,1961.0
4947,1982.0
4948,1970.0
4949,1965.0
4950,1919.0
4951,1942.0
4952,1931.0
4953,1901.0
4954,1937.0
4955,1920.0
4956,1908.0
4957,1947.0
4958,1920.0
4959,1949.0
4960,1915.0
4961,1931.0
4962,1931.0
4963,1962.0
4964,1967.0
4965,1952.0
4966,1978.0
4967,1976.0
4968,1961.0
4969,1964.0
4970,1956.0
4971,1954.0
4972,1969.0
4973,1940.0
4974,1949.0
4975,1964.0
4976,1968.0
4977,1960.0
4978,1992.0
4979,1993.0
4980,1979.0
4981,1989.0
4982,1990.0
4983,1940.0
4984,1950.0
4985,1956.0
4986,1943.0
4987,1924.0
4988,1929.0
4989,1936.0
4990,1942.0
4991,1910.0
4992,1914.0
4993,1934.0
4994,1949.0
4995,1956.0
4996,1948.0
4997,1940.0
4998,1948.0
4999,1948.0
5000,1949.0
5001,1966.0
5002,1953.0
5003,1951.0
5004,1970.0
5005,1956.0
5006,1937.0
5007,1960.0
5008,1944.0
5009,1968.0
5010,1968.0
5011,1963.0
5012,1964.0
5013,1958.0
5014,1974.0
5015,1971.0
5016,1971.0
5017,1974.0
5018,1973.0
5019,1973.0
5020,1976.0
5021,1955.0
5022,1967.0
5023,1962.0
5024,1962.0
5025,1957.0
5026,1956.0
5027,1965.0
5028,1970.0
5029,1966.0
5030,1956.0
5031,1977.0
5032,1964.0
5033,1969.0
5034,1956.0
5035,1962.0
5036,1960.0
5037,1944.0
5038,1954.0
5039,1946.0
5040,1945.0
5041,1946.0
5042,1922.0
5043,1929.0
5044,1934.0
5045,1952.0
5046,1944.0
5047,1906.0
5048,1916.0
5049,1936.0
5050,1930.0
5051,1960.0
5052,1985.0
5053,1983.0
5054,1970.0
5055,1948.0
5056,1956.0
5057,1900.0
5058,1923.0
5059,1933.0
5060,1942.0
5061,1900.0
5062,1921.0
5063,1911.0
5064,1943.0
5065,1921.0
5066,1942.0
5067,1951.0
5068,1946.0
5069,1953.0
5070,1963.0
5071,1970.0
5072,1967.0
5073,1977.0
5074,1965.0
5075,1964.0
5076,1972.0
5077,1970.0
5078,1950.0
5079,1961.0
5080,1954.0
5081,1951.0
5082,1963.0
5083,1966.0
5084,1962.0
5085,1972.0
5086,1960.0
5087,1964.0
5088,1938.0
5089,1937.0
5090,1959.0
5091,1959.0
5092,1944.0
5093,1950.0
5094,1981.0
5095,1970.0
5096,1976.0
5097,1960.0
5098,1957.0
5099,1953.0
5100,1949.0
5101,1960.0
5102,1965.0
5103,1953.0
5104,1954.0
5105,1961.0
5106,1958.0
5107,1971.0
5108,1936.0
5109,1959.0
5110,1963.0
5111,1951.0
5112,1959.0
5113,1947.0
5114,1962.0
5115,1950.0
5116,1965.0
5117,1951.0
5118,1957.0
5119,1945.0
5120,1937.0
5121,1948.0
5122,1953.0
5123,1945.0
5124,1965.0
5125,1969.0
5126,1959.0
5127,1960.0
5128,1972.0
5129,1973.0
5130,1968.0
5131,1959.0
5132,1975.0
5133,1974.0
5134,1980.0
5135,1973.0
5136,1949.0
5137,1958.0
5138,1959.0
5139,1957.0
5140,1939.0
5141,1943.0
5142,1950.0
5143,1950.0
5144,1943.0
5145,1970.0
5146,1965.0
5147,1967.0
5148,1952.0
5149,1952.0
5150,1955.0
5151,1970.0
5152,1964.0
5153,1947.0
5154,1952.0
5155,1950.0
5156,1962.0
5157,1979.0
5158,1968.0
5159,1973.0
5160,1974.0
5161,1971.0
5162,1955.0
5163,1959.0
5164,1962.0
5165,1970.0
5166,1966.0
5167,1976.0
5168,1990.0
5169,1983.0
5170,1981.0
5171,1984.0
5172,1977.0
5173,1960.0
5174,1954.0
5175,1953.0
5176,1957.0
5177,1973.0
5178,1963.0
5179,1963.0
5180,1951.0
5181,1947.0
5182,1923.0
5183,1933.0
5184,1945.0
5185,1944.0
5186,1937.0
5187,1935.0
5188,1934.0
5189,1964.0
5190,1961.0
5191,1957.0
5192,1918.0
5193,1922.0
5194,1919.0
5195,1958.0
5196,1955.0
5197,1923.0
5198,1899.0
5199,1924.0
5200,1944.0
5201,1933.0
5202,1963.0
5203,1959.0
5204,1968.0
5205,1969.0
5206,1980.0
5207,1972.0
5208,1956.0
5209,1971.0
5210,1971.0
5211,1967.0
5212,1969.0
5213,1959.0
5214,1940.0
5215,1946.0
5216,1941.0
5217,1957.0
5218,1964.0
5219,1973.0
5220,1972.0
5221,1982.0
5222,1976.0
5223,1974.0
5224,1964.0
5225,1953.0
5226,1934.0
5227,1946.0
5228,1924.0
5229,1919.0
5230,1915.0
5231,1890.0
5232,1888.0
5233,1931.0
5234,1906.0
5235,1924.0
5236,1960.0
5237,1959.0
5238,1945.0
5239,1956.0
5240,1959.0
5241,1933.0
5242,1953.0
5243,1943.0
5244,1967.0
5245,1959.0
5246,1962.0
5247,1952.0
5248,1952.0
5249,1954.0
5250,1958.0
5251,1948.0
5252,1962.0
5253,1974.0
5254,1968.0
5255,1970.0
5256,1954.0
5257,1966.0
5258,1968.0
5259,1941.0
5260,1933.0
5261,1917.0
5262,1948.0
5263,1931.0
5264,1962.0
5265,1977.0
5266,1949.0
5267,1979.0
5268,1965.0
5269,1948.0
5270,1964.0
5271,1970.0
5272,1956.0
5273,1977.0
5274,1959.0
5275,1954.0
5276,1976.0
5277,1971.0
5278,1958.0
5279,1965.0
5280,1954.0
5281,1959.0
5282,1961.0
5283,1945.0
5284,1958.0
5285,1968.0
5286,1976.0
5287,1965.0
5288,1968.0
5289,1959.0
5290,1960.0
5291,1954.0
5292,1959.0
5293,1958.0
5294,1968.0
5295,1959.0
5296,1943.0
5297,1936.0
5298,1957.0
5299,1928.0
5300,1949.0
5301,1946.0
5302,1956.0
5303,1950.0
5304,1931.0
5305,1950.0
5306,1973.0
5307,1991.0
5308,1987.0
5309,1966.0
5310,1966.0
5311,1942.0
5312,1953.0
5313,1931.0
5314,1912.0
5315,1944.0
5316,1938.0
5317,1966.0
5318,1976.0
5319,1968.0
5320,1956.0
5321,1961.0
5322,1957.0
5323,1937.0
5324,1910.0
5325,1942.0
5326,1958.0
5327,1962.0
5328,1960.0
5329,1970.0
5330,1959.0
5331,1958.0
5332,1942.0
5333,1963.0
5334,1960.0
5335,1971.0
5336,1963.0
5337,1966.0
5338,1961.0
5339,1965.0
5340,1977.0
5341,1958.0
5342,1929.0
5343,1957.0
5344,1969.0
5345,1937.0
5346,1964.0
5347,1971.0
5348,1964.0
5349,1956.0
5350,1962.0
5351,1951.0
5352,1970.0
5353,1954.0
5354,1957.0
5355,1949.0
5356,1936.0
5357,1960.0
5358,1949.0
5359,1942.0
5360,1961.0
5361,1971.0
5362,1946.0
5363,1956.0
5364,1954.0
5365,1961.0
5366,1935.0
5367,1939.0
5368,1943.0
5369,1940.0
5370,1959.0
5371,1952.0
5372,1971.0
5373,1963.0
5374,1943.0
5375,1944.0
5376,1957.0
5377,1938.0
5378,1941.0
5379,1930.0
5380,1944.0
5381,1948.0
5382,1965.0
5383,1954.0
5384,1952.0
5385,1971.0
5386,1973.0
5387,1956.0
5388,1960.0
5389,1971.0
5390,1979.0
5391,1970.0
5392,1971.0
5393,1965.0
5394,1971.0
5395,1966.0
5396,1953.0
5397,1952.0
5398,1948.0
5399,1972.0
5400,1968.0
5401,1960.0
5402,1981.0
5403,1982.0
5404,1976.0
5405,1968.0
5406,1983.0
5407,1979.0
5408,1975.0
5409,1985.0
5410,1959.0
5411,1934.0
5412,1941.0
5413,1950.0
5414,1971.0
5415,1956.0
5416,1956.0
5417,1956.0
5418,1970.0
5419,1953.0
5420,1958.0
5421,1930.0
5422,1922.0
5423,1975.0
5424,1979.0
5425,1963.0
5426,1966.0
5427,1930.0
5428,1955.0
5429,1958.0
5430,1955.0
5431,1948.0
5432,1957.0
5433,1952.0
5434,1949.0
5435,1956.0
5436,1948.0
5437,1933.0
5438,1950.0
5439,1944.0
5440,1958.0
5441,1967.0
5442,1965.0
5443,1981.0
5444,1968.0
5445,1969.0
5446,1975.0
5447,1966.0
5448,1952.0
5449,1963.0
5450,1949.0
5451,1956.0
5452,1956.0
5453,1955.0
5454,1938.0
5455,1959.0
5456,1969.0
5457,1969.0
5458,1962.0
5459,1952.0
5460,1972.0
5461,1971.0
5462,1980.0
5463,1960.0
5464,1953.0
5465,1925.0
5466,1958.0
5467,1941.0
5468,1941.0
5469,1939.0
5470,1924.0
5471,1917.0
5472,1928.0
5473,1959.0
5474,1967.0
5475,1962.0
5476,1973.0
5477,1971.0
5478,1986.0
5479,1966.0
5480,1965.0
5481,1956.0
5482,1955.0
5483,1944.0
5484,1948.0
5485,1929.0
5486,1924.0
5487,1936.0
5488,1939.0
5489,1909.0
5490,1946.0
5491,1943.0
5492,1950.0
5493,1953.0
5494,1954.0
5495,1951.0
5496,1959.0
5497,1954.0
5498,1939.0
5499,1966.0
5500,1972.0
5501,1967.0
5502,1947.0
5503,1941.0
5504,1918.0
5505,1934.0
5506,1947.0
5507,1947.0
5508,1966.0
5509,1963.0
5510,1964.0
5511,1951.0
5512,1959.0
5513,1948.0
5514,1959.0
5515,1945.0
5516,1949.0
5517,1944.0
5518,1934.0
5519,1939.0
5520,1952.0
5521,1923.0
5522,1936.0
5523,1938.0
5524,1931.0
5525,1934.0
5526,1939.0
5527,1972.0
5528,1973.0
5529,1960.0
5530,1974.0
5531,1958.0
5532,1954.0
5533,1945.0
5534,1952.0
5535,1951.0
5536,1972.0
5537,1972.0
5538,1954.0
5539,1945.0
5540,1957.0
5541,1971.0
5542,1970.0
5543,1978.0
5544,1977.0
5545,1972.0
5546,1971.0
5547,1972.0
5548,1980.0
5549,1976.0
5550,1976.0
5551,1970.0
5552,1937.0
5553,1933.0
5554,1944.0
5555,1931.0
5556,1927.0
5557,1933.0
5558,1922.0
5559,1915.0
5560,1951.0
5561,1951.0
5562,1954.0
5563,1941.0
5564,1932.0
5565,1941.0
5566,1961.0
5567,1966.0
5568,1979.0
5569,1965.0
5570,1968.0
5571,1975.0
5572,1957.0
5573,1968.0
5574,1967.0
5575,1961.0
5576,1944.0
5577,1945.0
5578,1937.0
5579,1935.0
5580,1938.0
5581,1925.0
5582,1947.0
5583,1955.0
5584,1951.0
5585,1936.0
5586,1955.0
5587,1962.0
5588,1957.0
5589,1943.0
5590,1956.0
5591,1964.0
5592,1964.0
5593,1968.0
5594,1965.0
5595,1949.0
5596,1964.0
5597,1945.0
5598,1963.0
5599,1939.0
5600,1942.0
5601,1974.0
5602,1965.0
5603,1972.0
5604,1969.0
5605,1988.0
5606,1976.0
5607,1968.0
5608,1978.0
5609,1950.0
5610,1939.0
5611,1946.0
5612,1955.0
5613,1935.0
5614,1940.0
5615,1955.0
5616,1949.0
5617,1939.0
5618,1949.0
5619,1959.0
5620,1945.0
5621,1972.0
5622,1969.0
5623,1942.0
5624,1963.0
5625,1976.0
5626,1967.0
5627,1961.0
5628,1965.0
5629,1961.0
5630,1968.0
5631,1946.0
5632,1949.0
5633,1960.0
5634,1952.0
5635,1949.0
5636,1971.0
5637,1979.0
5638,1962.0
5639,1952.0
5640,1965.0
5641,1972.0
5642,1964.0
5643,1943.0
5644,1949.0
5645,1957.0
5646,1963.0
5647,1941.0
5648,1957.0
5649,1952.0
5650,1942.0
5651,1930.0
5652,1921.0
5653,1904.0
5654,1924.0
5655,1947.0
5656,1960.0
5657,1976.0
5658,1964.0
5659,1960.0
5660,1988.0
5661,1971.0
5662,1969.0
5663,1971.0
5664,1955.0
5665,1964.0
5666,1962.0
5667,1967.0
5668,1964.0
5669,1959.0
5670,1911.0
5671,1956.0
5672,1933.0
5673,1925.0
5674,1929.0
5675,1938.0
5676,1953.0
5677,1987.0
5678,1984.0
5679,1983.0
5680,1978.0
5681,1961.0
5682,1957.0
5683,1962.0
5684,1960.0
5685,1939.0
5686,1955.0
5687,1952.0
5688,1932.0
5689,1936.0
5690,1954.0
5691,1947.0
5692,1933.0
5693,1964.0
5694,1948.0
5695,1973.0
5696,1981.0
5697,1983.0
5698,1975.0
5699,1994.0
5700,1993.0
5701,1980.0
5702,1977.0
5703,1949.0
5704,1938.0
5705,1948.0
5706,1915.0
5707,1923.0
5708,1915.0
5709,1923.0
5710,1903.0
5711,1942.0
5712,1959.0
5713,1979.0
5714,1972.0
5715,1976.0
5716,1979.0
5717,1972.0
5718,1966.0
5719,1960.0
5720,1952.0
5721,1957.0
5722,1952.0
5723,1950.0
5724,1912.0
5725,1956.0
5726,1966.0
5727,1965.0
5728,1967.0
5729,1967.0
5730,1955.0
5731,1955.0
5732,1987.0
5733,1984.0
5734,1966.0
5735,1944.0
5736,1956.0
5737,1942.0
5738,1952.0
5739,1916.0
5740,1914.0
5741,1933.0
5742,1942.0
5743,1954.0
5744,1918.0
5745,1930.0
5746,1923.0
5747,1957.0
5748,1941.0
5749,1942.0
5750,1919.0
5751,1904.0
5752,1923.0
5753,1940.0
5754,1950.0
5755,1955.0
5756,1900.0
5757,1922.0
5758,1941.0
5759,1916.0
5760,1939.0
5761,1923.0
5762,1928.0
5763,1973.0
5764,1961.0
5765,1958.0
5766,1948.0
5767,1952.0
5768,1946.0
5769,1950.0
5770,1958.0
5771,1950.0
5772,1947.0
5773,1951.0
5774,1969.0
5775,1980.0
5776,1966.0
5777,1969.0
5778,1960.0
5779,1945.0
5780,1946.0
5781,1957.0
5782,1962.0
5783,1952.0
5784,1967.0
5785,1964.0
5786,1972.0
5787,1947.0
5788,1920.0
5789,1941.0
5790,1947.0
5791,1934.0
5792,1928.0
5793,1936.0
5794,1931.0
5795,1935.0
5796,1959.0
5797,1960.0
5798,1943.0
5799,1951.0
5800,1963.0
5801,1959.0
5802,1974.0
5803,1968.0
5804,1968.0
5805,1960.0
5806,1943.0
5807,1953.0
5808,1961.0
5809,1949.0
5810,1944.0
5811,1940.0
5812,1951.0
5813,1939.0
5814,1936.0
5815,1940.0
5816,1964.0
5817,1965.0
5818,1961.0
5819,1951.0
5820,1963.0
5821,1962.0
5822,1956.0
5823,1957.0
5824,1971.0
5825,1950.0
5826,1984.0
5827,1961.0
5828,1983.0
5829,1947.0
5830,1950.0
5831,1965.0
5832,1969.0
5833,1963.0
5834,1966.0
5835,1944.0
5836,1948.0
5837,1949.0
5838,1938.0
5839,1952.0
5840,1916.0
5841,1909.0
5842,1897.0
5843,1920.0
5844,1925.0
5845,1909.0
5846,1891.0
5847,1903.0
5848,1904.0
5849,1934.0
5850,1980.0
5851,1974.0
5852,1970.0
5853,1974.0
5854,1954.0
5855,1976.0
5856,1971.0
5857,1966.0
5858,1967.0
5859,1980.0
5860,1957.0
5861,1975.0
5862,1950.0
5863,1952.0
5864,1965.0
5865,1967.0
5866,1948.0
5867,1958.0
5868,1941.0
5869,1936.0
5870,1952.0
5871,1966.0
5872,1948.0
5873,1936.0
5874,1954.0
5875,1940.0
5876,1942.0
5877,1953.0
5878,1958.0
5879,1975.0
5880,1975.0
5881,1976.0
5882,1950.0
5883,1961.0
5884,1962.0
5885,1958.0
5886,1953.0
5887,1950.0
5888,1960.0
5889,1953.0
5890,1962.0
5891,1955.0
5892,1967.0
5893,1973.0
5894,1982.0
5895,1944.0
5896,1952.0
5897,1967.0
5898,1957.0
5899,1958.0
5900,1977.0
5901,1985.0
5902,1976.0
5903,1968.0
5904,1945.0
5905,1944.0
5906,1930.0
5907,1936.0
5908,1917.0
5909,1942.0
5910,1929.0
5911,1938.0
5912,1954.0
5913,1981.0
5914,1988.0
5915,1991.0
5916,1976.0
5917,1957.0
5918,1952.0
5919,1964.0
5920,1964.0
5921,1948.0
5922,1945.0
5923,1942.0
5924,1956.0
5925,1960.0
5926,1947.0
5927,1953.0
5928,1958.0
5929,1962.0
5930,1956.0
5931,1955.0
5932,1952.0
5933,1953.0
5934,1968.0
5935,1980.0
5936,1981.0
5937,1970.0
5938,1963.0
5939,1945.0
5940,1909.0
5941,1945.0
5942,1943.0
5943,1951.0
5944,1951.0
5945,1939.0
5946,1928.0
5947,1938.0
5948,1929.0
5949,1931.0
5950,1934.0
5951,1938.0
5952,1913.0
5953,1952.0
5954,1947.0
5955,1968.0
5956,1961.0
5957,1978.0
5958,1973.0
5959,1967.0
5960,1956.0
5961,1965.0
5962,1980.0
5963,1977.0
5964,1976.0
5965,1977.0
5966,1959.0
5967,1959.0
5968,1948.0
5969,1970.0
5970,1958.0
5971,1940.0
5972,1966.0
5973,1954.0
5974,1957.0
5975,1969.0
5976,1960.0
5977,1957.0
5978,1970.0
5979,1964.0
5980,1949.0
5981,1937.0
5982,1934.0
5983,1962.0
5984,1963.0
5985,1955.0
5986,1964.0
5987,1951.0
5988,1959.0
5989,1955.0
5990,1941.0
5991,1951.0
5992,1947.0
5993,1935.0
5994,1939.0
5995,1936.0
5996,1935.0
5997,1928.0
5998,1943.0
5999,1941.0
6000,1946.0
6001,1954.0
6002,1959.0
6003,1952.0
6004,1954.0
6005,1962.0
6006,1977.0
6007,1968.0
6008,1979.0
6009,1963.0
6010,1948.0
6011,1942.0
6012,1930.0
6013,1957.0
6014,1949.0
6015,1936.0
6016,1943.0
6017,1945.0
6018,1953.0
6019,1924.0
6020,1937.0
6021,1942.0
6022,1946.0
6023,1926.0
6024,1969.0
6025,1972.0
6026,1966.0
6027,1944.0
6028,1960.0
6029,1974.0
6030,1945.0
6031,1948.0
6032,1952.0
6033,1946.0
6034,1923.0
6035,1910.0
6036,1923.0
6037,1931.0
6038,1915.0
6039,1953.0
6040,1965.0
6041,1959.0
6042,1945.0
6043,1944.0
6044,1957.0
6045,1969.0
6046,1965.0
6047,1969.0
6048,1981.0
6049,1970.0
6050,1963.0
6051,1960.0
6052,1932.0
6053,1952.0
6054,1940.0
6055,1956.0
6056,1937.0
6057,1955.0
6058,1969.0
6059,1960.0
6060,1958.0
6061,1979.0
6062,1961.0
6063,1975.0
6064,1971.0
6065,1968.0
6066,1975.0
6067,1958.0
6068,1964.0
6069,1949.0
6070,1941.0
6071,1929.0
6072,1945.0
6073,1941.0
6074,1941.0
6075,1919.0
6076,1936.0
6077,1941.0
6078,1941.0
6079,1939.0
6080,1963.0
6081,1951.0
6082,1953.0
6083,1983.0
6084,1970.0
6085,1967.0
6086,1962.0
6087,1973.0
6088,1962.0
6089,1976.0
6090,1962.0
6091,1967.0
6092,1977.0
6093,1975.0
6094,1957.0
6095,1932.0
6096,1943.0
6097,1923.0
6098,1932.0
6099,1951.0
6100,1971.0
6101,1922.0
6102,1926.0
6103,1954.0
6104,1942.0
6105,1973.0
6106,1973.0
6107,1950.0
6108,1941.0
6109,1946.0
6110,1948.0
6111,1964.0
6112,1957.0
6113,1976.0
6114,1969.0
6115,1959.0
6116,1940.0
6117,1933.0
6118,1942.0
6119,1913.0
6120,1929.0
6121,1924.0
6122,1919.0
6123,1935.0
6124,1945.0
6125,1985.0
6126,1980.0
6127,1953.0
6128,1922.0
6129,1881.0
6130,1951.0
6131,1924.0
6132,1937.0
6133,1922.0
6134,1933.0
6135,1957.0
6136,1957.0
6137,1957.0
6138,1956.0
6139,1932.0
6140,1949.0
6141,1955.0
6142,1974.0
6143,1982.0
6144,1959.0
6145,1970.0
6146,1957.0
6147,1967.0
6148,1918.0
6149,1933.0
6150,1925.0
6151,1925.0
6152,1922.0
6153,1924.0
6154,1939.0
6155,1931.0
6156,1985.0
6157,1977.0
6158,1973.0
6159,1973.0
6160,1951.0
6161,1981.0
6162,1955.0
6163,1961.0
6164,1934.0
6165,1943.0
6166,1954.0
6167,1950.0
6168,1947.0
6169,1946.0
6170,1958.0
6171,1935.0
6172,1943.0
6173,1943.0
6174,1962.0
6175,1960.0
6176,1945.0
6177,1962.0
6178,1952.0
6179,1960.0
6180,1967.0
6181,1929.0
6182,1948.0
6183,1922.0
6184,1915.0
6185,1944.0
6186,1958.0
6187,1991.0
6188,1977.0
6189,1982.0
6190,1983.0
6191,1977.0
6192,1948.0
6193,1945.0
6194,1941.0
6195,1944.0
6196,1920.0
6197,1935.0
6198,1933.0
6199,1927.0
6200,1954.0
6201,1939.0
6202,1934.0
6203,1959.0
6204,1973.0
6205,1984.0
6206,1988.0
6207,1981.0
6208,1979.0
6209,1976.0
6210,1973.0
6211,1951.0
6212,1951.0
6213,1931.0
6214,1926.0
6215,1932.0
6216,1948.0
6217,1945.0
6218,1961.0
6219,1942.0
6220,1961.0
6221,1974.0
6222,1981.0
6223,1986.0
6224,1987.0
6225,1981.0
6226,1953.0
6227,1952.0
6228,1933.0
6229,1964.0
6230,1949.0
6231,1943.0
6232,1908.0
6233,1929.0
6234,1921.0
6235,1933.0
6236,1905.0
6237,1916.0
6238,1943.0
6239,1938.0
6240,1906.0
6241,1917.0
6242,1966.0
6243,1961.0
6244,1914.0
6245,1963.0
6246,1953.0
6247,1958.0
6248,1949.0
6249,1984.0
6250,1980.0
6251,1975.0
6252,1960.0
6253,1931.0
6254,1934.0
6255,1932.0
6256,1905.0
6257,1910.0
6258,1896.0
6259,1889.0
6260,1904.0
6261,1904.0
6262,1922.0
6263,1950.0
6264,1950.0
6265,1970.0
6266,1976.0
6267,1981.0
6268,1974.0
6269,1991.0
6270,1991.0
6271,1994.0
6272,1981.0
6273,1985.0
6274,1959.0
6275,1882.0
6276,1911.0
6277,1919.0
6278,1888.0
6279,1898.0
6280,1905.0
6281,1915.0
6282,1937.0
6283,1928.0
6284,1949.0
6285,1971.0
6286,1956.0
6287,1952.0
6288,1933.0
6289,1920.0
6290,1915.0
6291,1935.0
6292,1922.0
6293,1949.0
6294,1962.0
6295,1957.0
6296,1949.0
6297,1967.0
6298,1942.0
6299,1946.0
6300,1972.0
6301,1964.0
6302,1962.0
6303,1957.0
6304,1971.0
6305,1967.0
6306,1954.0
6307,1956.0
6308,1936.0
6309,1936.0
6310,1939.0
6311,1948.0
6312,1940.0
6313,1950.0
6314,1944.0
6315,1959.0
6316,1958.0
6317,1937.0
6318,1960.0
6319,1968.0
6320,1926.0
6321,1955.0
6322,1950.0
6323,1946.0
6324,1937.0
6325,1904.0
6326,1950.0
6327,1959.0
6328,1963.0
6329,1960.0
6330,1961.0
6331,1973.0
6332,1947.0
6333,1952.0
6334,1962.0
6335,1958.0
6336,1959.0
6337,1965.0
6338,1922.0
6339,1938.0
6340,1950.0
6341,1936.0
6342,1943.0
6343,1947.0
6344,1964.0
6345,1946.0
6346,1979.0
6347,1979.0
6348,1990.0
6349,1971.0
6350,1982.0
6351,1959.0
6352,1953.0
6353,1945.0
6354,1938.0
6355,1945.0
6356,1915.0
6357,1952.0
6358,1961.0
6359,1945.0
6360,1928.0
6361,1930.0
6362,1932.0
6363,1926.0
6364,1920.0
6365,1928.0
6366,1928.0
6367,1935.0
6368,1948.0
6369,1955.0
6370,1937.0
6371,1942.0
6372,1966.0
6373,1962.0
6374,1968.0
6375,1956.0
6376,1960.0
6377,1963.0
6378,1963.0
6379,1960.0
6380,1973.0
6381,1966.0
6382,1963.0
6383,1954.0
6384,1942.0
6385,1931.0
6386,1956.0
6387,1955.0
6388,1965.0
6389,1983.0
6390,1981.0
6391,1966.0
6392,1961.0
6393,1918.0
6394,1930.0
6395,1944.0
6396,1916.0
6397,1916.0
6398,1950.0
6399,1966.0
6400,1977.0
6401,1959.0
6402,1971.0
6403,1958.0
6404,1955.0
6405,1932.0
6406,1944.0
6407,1940.0
6408,1945.0
6409,1933.0
6410,1939.0
6411,1958.0
6412,1982.0
6413,1952.0
6414,1963.0
6415,1946.0
6416,1953.0
6417,1965.0
6418,1964.0
6419,1956.0
6420,1933.0
6421,1938.0
6422,1954.0
6423,1972.0
6424,1969.0
6425,1954.0
6426,1956.0
6427,1944.0
6428,1950.0
6429,1943.0
6430,1956.0
6431,1931.0
6432,1953.0
6433,1953.0
6434,1981.0
6435,1930.0
6436,1971.0
6437,1953.0
6438,1944.0
6439,1922.0
6440,1935.0
6441,1937.0
6442,1929.0
6443,1924.0
6444,1943.0
6445,1948.0
6446,1958.0
6447,1953.0
6448,1944.0
6449,1954.0
6450,1947.0
6451,1939.0
6452,1969.0
6453,1981.0
6454,1985.0
6455,1971.0
6456,1956.0
6457,1966.0
6458,1990.0
6459,1977.0
6460,1969.0
6461,1975.0
6462,1964.0
6463,1964.0
6464,1968.0
6465,1975.0
6466,1979.0
6467,1965.0
6468,1962.0
6469,1944.0
6470,1938.0
6471,1958.0
6472,1953.0
6473,1954.0
6474,1960.0
6475,1948.0
6476,1943.0
6477,1942.0
6478,1957.0
6479,1978.0
6480,1980.0
6481,1985.0
6482,1973.0
6483,1957.0
6484,1976.0
6485,1972.0
6486,1964.0
6487,1966.0
6488,1960.0
6489,1939.0
6490,1961.0
6491,1929.0
6492,1949.0
6493,1947.0
6494,1937.0
6495,1927.0
6496,1954.0
6497,1944.0
6498,1953.0
6499,1952.0
6500,1958.0
6501,1934.0
6502,1946.0
6503,1944.0
6504,1935.0
6505,1953.0
6506,1946.0
6507,1946.0
6508,1961.0
6509,1959.0
6510,1981.0
6511,1956.0
6512,1974.0
6513,1960.0
6514,1948.0
6515,1964.0
6516,1966.0
6517,1962.0
6518,1963.0
6519,1958.0
6520,1941.0
6521,1906.0
6522,1928.0
6523,1923.0
6524,1935.0
6525,1880.0
6526,1886.0
6527,1923.0
6528,1939.0
6529,1956.0
6530,1959.0
6531,1955.0
6532,1962.0
6533,1969.0
6534,1976.0
6535,1986.0
6536,1996.0
6537,1978.0
6538,1978.0
6539,1960.0
6540,1961.0
6541,1954.0
6542,1934.0
6543,1932.0
6544,1921.0
6545,1918.0
6546,1946.0
6547,1944.0
6548,1938.0
6549,1941.0
6550,1927.0
6551,1941.0
6552,1952.0
6553,1952.0
6554,1970.0
6555,1982.0
6556,1978.0
6557,1975.0
6558,1973.0
6559,1960.0
6560,1956.0
6561,1954.0
6562,1961.0
6563,1932.0
6564,1934.0
6565,1943.0
6566,1929.0
6567,1923.0
6568,1931.0
6569,1919.0
6570,1953.0
6571,1965.0
6572,1963.0
6573,1986.0
6574,1989.0
6575,1978.0
6576,1977.0
6577,1975.0
6578,1969.0
6579,1974.0
6580,1968.0
6581,1964.0
6582,1963.0
6583,1926.0
6584,1959.0
6585,1938.0
6586,1915.0
6587,1959.0
6588,1949.0
6589,1928.0
6590,1907.0
6591,1930.0
6592,1945.0
6593,1956.0
6594,1944.0
6595,1969.0
6596,1947.0
6597,1965.0
6598,1969.0
6599,1954.0
6600,1970.0
6601,1968.0
6602,1963.0
6603,1973.0
6604,1951.0
6605,1948.0
6606,1942.0
6607,1938.0
6608,1937.0
6609,1935.0
6610,1925.0
6611,1937.0
6612,1958.0
6613,1972.0
6614,1968.0
6615,1979.0
6616,1967.0
6617,1979.0
6618,1960.0
6619,1966.0
6620,1966.0
6621,1958.0
6622,1929.0
6623,1969.0
6624,1944.0
6625,1913.0
6626,1942.0
6627,1935.0
6628,1938.0
6629,1937.0
6630,1929.0
6631,1927.0
6632,1915.0
6633,1911.0
6634,1937.0
6635,1949.0
6636,1963.0
6637,1950.0
6638,1938.0
6639,1952.0
6640,1943.0
6641,1946.0
6642,1959.0
6643,1965.0
6644,1968.0
6645,1975.0
6646,1954.0
6647,1951.0
6648,1959.0
6649,1951.0
6650,1934.0
6651,1945.0
6652,1952.0
6653,1929.0
6654,1942.0
6655,1953.0
6656,1955.0
6657,1965.0
6658,1967.0
6659,1972.0
6660,1966.0
6661,1971.0
6662,1937.0
6663,1956.0
6664,1952.0
6665,1962.0
6666,1931.0
6667,1947.0
6668,1909.0
6669,1943.0
6670,1948.0
6671,1939.0
6672,1954.0
6673,1970.0
6674,1957.0
6675,1945.0
6676,1959.0
6677,1959.0
6678,1955.0
6679,1970.0
6680,1953.0
6681,1960.0
6682,1943.0
6683,1957.0
6684,1971.0
6685,1953.0
6686,1959.0
6687,1960.0
6688,1951.0
6689,1947.0
6690,1965.0
6691,1958.0
6692,1969.0
6693,1968.0
6694,1955.0
6695,1953.0
6696,1957.0
6697,1968.0
6698,1973.0
6699,1977.0
6700,1960.0
6701,1937.0
6702,1941.0
6703,1919.0
6704,1928.0
6705,1920.0
6706,1940.0
6707,1952.0
6708,1951.0
6709,1961.0
6710,1963.0
6711,1974.0
6712,1939.0
6713,1981.0
6714,1971.0
6715,1959.0
6716,1950.0
6717,1962.0
6718,1949.0
6719,1960.0
6720,1963.0
6721,1958.0
6722,1966.0
6723,1968.0
6724,1959.0
6725,1956.0
6726,1958.0
6727,1949.0
6728,1948.0
6729,1965.0
6730,1932.0
6731,1956.0
6732,1964.0
6733,1933.0
6734,1957.0
6735,1971.0
6736,1968.0
6737,1960.0
6738,1934.0
6739,1936.0
6740,1963.0
6741,1944.0
6742,1943.0
6743,1979.0
6744,1964.0
6745,1964.0
6746,1964.0
6747,1961.0
6748,1957.0
6749,1942.0
6750,1938.0
6751,1955.0
6752,1928.0
6753,1920.0
6754,1942.0
6755,1926.0
6756,1904.0
6757,1919.0
6758,1913.0
6759,1918.0
6760,1936.0
6761,1966.0
6762,1964.0
6763,1927.0
6764,1938.0
6765,1959.0
6766,1928.0
6767,1935.0
6768,1965.0
6769,1952.0
6770,1961.0
6771,1938.0
6772,1968.0
6773,1958.0
6774,1955.0
6775,1964.0
6776,1949.0
6777,1941.0
6778,1946.0
6779,1967.0
6780,1938.0
6781,1947.0
6782,1946.0
6783,1940.0
6784,1932.0
6785,1939.0
6786,1932.0
6787,1942.0
6788,1928.0
6789,1950.0
6790,1951.0
6791,1967.0
6792,1952.0
6793,1955.0
6794,1962.0
6795,1972.0
6796,1962.0
6797,1940.0
6798,1931.0
6799,1945.0
6800,1941.0
6801,1936.0
6802,1926.0
6803,1958.0
6804,1948.0
6805,1957.0
6806,1939.0
6807,1918.0
6808,1934.0
6809,1939.0
6810,1961.0
6811,1946.0
6812,1941.0
6813,1945.0
6814,1944.0
6815,1916.0
6816,1929.0
6817,1918.0
6818,1916.0
6819,1919.0
6820,1951.0
6821,1939.0
6822,1962.0
6823,1969.0
6824,1980.0
6825,1981.0
6826,1976.0
6827,1955.0
6828,1923.0
6829,1942.0
6830,1915.0
6831,1933.0
6832,1931.0
6833,1936.0
6834,1920.0
6835,1935.0
6836,1960.0
6837,1980.0
6838,1968.0
6839,1967.0
6840,1976.0
6841,1968.0
6842,1975.0
6843,1981.0
6844,1976.0
6845,1984.0
6846,1967.0
6847,1967.0
6848,1964.0
6849,1942.0
6850,1941.0
6851,1955.0
6852,1962.0
6853,1929.0
6854,1934.0
6855,1936.0
6856,1948.0
6857,1974.0
6858,1970.0
6859,1971.0
6860,1968.0
6861,1940.0
6862,1932.0
6863,1920.0
6864,1949.0
6865,1954.0
6866,1968.0
6867,1944.0
6868,1945.0
6869,1900.0
6870,1940.0
6871,1960.0
6872,1947.0
6873,1949.0
6874,1933.0
6875,1934.0
6876,1909.0
6877,1889.0
6878,1913.0
6879,1901.0
6880,1927.0
6881,1919.0
6882,1922.0
6883,1909.0
6884,1937.0
6885,1976.0
6886,1963.0
6887,1958.0
6888,1944.0
6889,1974.0
6890,1949.0
6891,1937.0
6892,1947.0
6893,1930.0
6894,1918.0
6895,1930.0
6896,1952.0
6897,1958.0
6898,1953.0
6899,1982.0
6900,1986.0
6901,1976.0
6902,1977.0
6903,1967.0
6904,1990.0
6905,1990.0
6906,1980.0
6907,1987.0
6908,1969.0
6909,1929.0
6910,1975.0
6911,1955.0
6912,1951.0
6913,1965.0
6914,1935.0
6915,1929.0
6916,1936.0
6917,1934.0
6918,1947.0
6919,1947.0
6920,1956.0
6921,1916.0
6922,1935.0
6923,1943.0
6924,1945.0
6925,1957.0
6926,1959.0
6927,1972.0
6928,1962.0
6929,1951.0
6930,1956.0
6931,1964.0
6932,1971.0
6933,1956.0
6934,1942.0
6935,1935.0
6936,1937.0
6937,1912.0
6938,1924.0
6939,1927.0
6940,1944.0
6941,1940.0
6942,1964.0
6943,1963.0
6944,1978.0
6945,1979.0
6946,1962.0
6947,1973.0
6948,1978.0
6949,1938.0
6950,1929.0
6951,1959.0
6952,1949.0
6953,1969.0
6954,1898.0
6955,1912.0
6956,1952.0
6957,1900.0
6958,1944.0
6959,1955.0
6960,1962.0
6961,1954.0
6962,1974.0
6963,1966.0
6964,1986.0
6965,1977.0
6966,1969.0
6967,1983.0
6968,1974.0
6969,1976.0
6970,1968.0
6971,1958.0
6972,1980.0
6973,1968.0
6974,1984.0
6975,1964.0
6976,1965.0
6977,1963.0
6978,1969.0
6979,1965.0
6980,1956.0
6981,1959.0
6982,1944.0
6983,1947.0
6984,1970.0
6985,1979.0
6986,1980.0
6987,1971.0
6988,1955.0
6989,1959.0
6990,1944.0
6991,1954.0
6992,1960.0
6993,1958.0
6994,1971.0
6995,1969.0
6996,1974.0
6997,1966.0
6998,1974.0
6999,1954.0
7000,1967.0
7001,1979.0
7002,1952.0
7003,1964.0
7004,1945.0
7005,1975.0
7006,1969.0
7007,1968.0
7008,1956.0
7009,1964.0
7010,1949.0
7011,1932.0
7012,1951.0
7013,1944.0
7014,1946.0
7015,1944.0
7016,1938.0
7017,1955.0
7018,1924.0
7019,1907.0
7020,1941.0
7021,1948.0
7022,1944.0
7023,1950.0
7024,1949.0
7025,1942.0
7026,1986.0
7027,1990.0
7028,1967.0
7029,1960.0
7030,1950.0
7031,1940.0
7032,1944.0
7033,1949.0
7034,1965.0
7035,1960.0
7036,1968.0
7037,1966.0
7038,1973.0
7039,1957.0
7040,1943.0
7041,1946.0
7042,1946.0
7043,1952.0
7044,1936.0
7045,1955.0
7046,1961.0
7047,1959.0
7048,1964.0
7049,1945.0
7050,1943.0
7051,1946.0
7052,1950.0
7053,1939.0
7054,1939.0
7055,1944.0
7056,1938.0
7057,1928.0
7058,1922.0
7059,1938.0
7060,1941.0
7061,1929.0
7062,1936.0
7063,1930.0
7064,1942.0
7065,1935.0
7066,1965.0
7067,1955.0
7068,1920.0
7069,1940.0
7070,1952.0
7071,1883.0
7072,1913.0
7073,1877.0
7074,1900.0
7075,1922.0
7076,1906.0
7077,1908.0
7078,1940.0
7079,1941.0
7080,1922.0
7081,1977.0
7082,1982.0
7083,1955.0
7084,1954.0
7085,1946.0
7086,1955.0
7087,1946.0
7088,1948.0
7089,1950.0
7090,1937.0
7091,1917.0
7092,1938.0
7093,1946.0
7094,1971.0
7095,1945.0
7096,1981.0
7097,1956.0
7098,1967.0
7099,1962.0
7100,1956.0
7101,1960.0
7102,1968.0
7103,1927.0
7104,1968.0
7105,1957.0
7106,1967.0
7107,1951.0
7108,1956.0
7109,1962.0
7110,1952.0
7111,1964.0
7112,1962.0
7113,1974.0
7114,1955.0
7115,1947.0
7116,1947.0
7117,1960.0
7118,1929.0
7119,1942.0
7120,1947.0
7121,1950.0
7122,1958.0
7123,1946.0
7124,1961.0
7125,1952.0
7126,1973.0
7127,1967.0
7128,1965.0
7129,1969.0
7130,1954.0
7131,1938.0
7132,1950.0
7133,1963.0
7134,1936.0
7135,1913.0
7136,1935.0
7137,1932.0
7138,1946.0
7139,1933.0
7140,1945.0
7141,1947.0
7142,1945.0
7143,1950.0
7144,1943.0
7145,1967.0
7146,1955.0
7147,1957.0
7148,1962.0
7149,1966.0
7150,1959.0
7151,1956.0
7152,1950.0
7153,1971.0
7154,1963.0
7155,1983.0
7156,1972.0
7157,1957.0
7158,1959.0
7159,1959.0
7160,1952.0
7161,1941.0
7162,1965.0
7163,1942.0
7164,1938.0
7165,1927.0
7166,1928.0
7167,1931.0
7168,1910.0
7169,1957.0
7170,1966.0
7171,1937.0
7172,1944.0
7173,1917.0
7174,1948.0
7175,1947.0
7176,1966.0
7177,1953.0
7178,1933.0
7179,1938.0
7180,1939.0
7181,1951.0
7182,1944.0
7183,1979.0
7184,1933.0
7185,1960.0
7186,1952.0
7187,1943.0
7188,1959.0
7189,1942.0
7190,1928.0
7191,1964.0
7192,1946.0
7193,1959.0
7194,1927.0
7195,1845.0
7196,1936.0
7197,1921.0
7198,1939.0
7199,1936.0
7200,1948.0
7201,1927.0
7202,1942.0
7203,1958.0
7204,1911.0
7205,1908.0
7206,1925.0
7207,1931.0
7208,1945.0
7209,1948.0
7210,1968.0
7211,1943.0
7212,1967.0
7213,1939.0
7214,1950.0
7215,1962.0
7216,1965.0
7217,1976.0
7218,1976.0
7219,1966.0
7220,1974.0
7221,1946.0
7222,1938.0
7223,1945.0
7224,1945.0
7225,1932.0
7226,1942.0
7227,1950.0
7228,1952.0
7229,1981.0
7230,1973.0
7231,1980.0
7232,1965.0
7233,1966.0
7234,1975.0
7235,1980.0
7236,1967.0
7237,1960.0
7238,1969.0
7239,1947.0
7240,1955.0
7241,1949.0
7242,1969.0
7243,1959.0
7244,1934.0
7245,1949.0
7246,1932.0
7247,1948.0
7248,1949.0
7249,1945.0
7250,1968.0
7251,1974.0
7252,1965.0
7253,1963.0
7254,1977.0
7255,1974.0
7256,1956.0
7257,1946.0
7258,1929.0
7259,1959.0
7260,1976.0
7261,1979.0
7262,1958.0
7263,1964.0
7264,1978.0
7265,1974.0
7266,1967.0
7267,1947.0
7268,1957.0
7269,1945.0
7270,1939.0
7271,1958.0
7272,1912.0
7273,1935.0
7274,1944.0
7275,1934.0
7276,1967.0
7277,1961.0
7278,1955.0
7279,1940.0
7280,1968.0
7281,1970.0
7282,1970.0
7283,1964.0
7284,1951.0
7285,1969.0
7286,1967.0
7287,1948.0
7288,1952.0
7289,1957.0
7290,1957.0
7291,1930.0
7292,1968.0
7293,1955.0
7294,1966.0
7295,1946.0
7296,1959.0
7297,1851.0
7298,1941.0
7299,1949.0
7300,1959.0
7301,1970.0
7302,1954.0
7303,1967.0
7304,1951.0
7305,1942.0
7306,1964.0
7307,1918.0
7308,1919.0
7309,1929.0
7310,1907.0
7311,1924.0
7312,1943.0
7313,1932.0
7314,1939.0
7315,1955.0
7316,1947.0
7317,1946.0
7318,1939.0
7319,1936.0
7320,1949.0
7321,1952.0
7322,1934.0
7323,1941.0
7324,1951.0
7325,1927.0
7326,1931.0
7327,1934.0
7328,1943.0
7329,1932.0
7330,1946.0
7331,1956.0
7332,1972.0
7333,1975.0
7334,1967.0
7335,1965.0
7336,1973.0
7337,1991.0
7338,1972.0
7339,1982.0
7340,1951.0
7341,1970.0
7342,1933.0
7343,1935.0
7344,1953.0
7345,1928.0
7346,1930.0
7347,1949.0
7348,1947.0
7349,1922.0
7350,1941.0
7351,1935.0
7352,1969.0
7353,1987.0
7354,1988.0
7355,1980.0
7356,1974.0
7357,1960.0
7358,1941.0
7359,1953.0
7360,1950.0
7361,1946.0
7362,1947.0
7363,1941.0
7364,1933.0
7365,1950.0
7366,1957.0
7367,1965.0
7368,1982.0
7369,1980.0
7370,1989.0
7371,1984.0
7372,1977.0
7373,1978.0
7374,1958.0
7375,1956.0
7376,1956.0
7377,1968.0
7378,1938.0
7379,1940.0
7380,1924.0
7381,1955.0
7382,1954.0
7383,1911.0
7384,1908.0
7385,1935.0
7386,1925.0
7387,1900.0
7388,1919.0
7389,1931.0
7390,1889.0
7391,1933.0
7392,1944.0
7393,1944.0
7394,1946.0
7395,1955.0
7396,1960.0
7397,1968.0
7398,1962.0
7399,1978.0
7400,1950.0
7401,1942.0
7402,1936.0
7403,1947.0
7404,1926.0
7405,1937.0
7406,1930.0
7407,1932.0
7408,1943.0
7409,1946.0
7410,1950.0
7411,1954.0
7412,1958.0
7413,1982.0
7414,1981.0
7415,1980.0
7416,1976.0
7417,1964.0
7418,1970.0
7419,1947.0
7420,1940.0
7421,1912.0
7422,1901.0
7423,1925.0
7424,1930.0
7425,1945.0
7426,1955.0
7427,1945.0
7428,1950.0
7429,1954.0
7430,1939.0
7431,1945.0
7432,1961.0
7433,1947.0
7434,1953.0
7435,1943.0
7436,1944.0
7437,1955.0
7438,1936.0
7439,1954.0
7440,1942.0
7441,1961.0
7442,1964.0
7443,1939.0
7444,1954.0
7445,1944.0
7446,1941.0
7447,1943.0
7448,1922.0
7449,1925.0
7450,1942.0
7451,1940.0
7452,1932.0
7453,1941.0
7454,1960.0
7455,1961.0
7456,1982.0
7457,1963.0
7458,1965.0
7459,1968.0
7460,1969.0
7461,1962.0
7462,1959.0
7463,1971.0
7464,1922.0
7465,1943.0
7466,1933.0
7467,1948.0
7468,1942.0
7469,1932.0
7470,1945.0
7471,1948.0
7472,1955.0
7473,1960.0
7474,1948.0
7475,1936.0
7476,1955.0
7477,1957.0
7478,1959.0
7479,1948.0
7480,1918.0
7481,1947.0
7482,1951.0
7483,1933.0
7484,1937.0
7485,1933.0
7486,1947.0
7487,1904.0
7488,1961.0
7489,1949.0
7490,1947.0
7491,1955.0
7492,1939.0
7493,1926.0
7494,1937.0
7495,1938.0
7496,1932.0
7497,1932.0
7498,1940.0
7499,1953.0
7500,1962.0
7501,1959.0
7502,1955.0
7503,1959.0
7504,1954.0
7505,1957.0
7506,1945.0
7507,1916.0
7508,1925.0
7509,1947.0
7510,1922.0
7511,1905.0
7512,1899.0
7513,1925.0
7514,1918.0
7515,1953.0
7516,1955.0
7517,1969.0
7518,1962.0
7519,1967.0
7520,1975.0
7521,1990.0
7522,1959.0
7523,1965.0
7524,1936.0
7525,1949.0
7526,1934.0
7527,1919.0
7528,1946.0
7529,1925.0
7530,1939.0
7531,1914.0
7532,1958.0
7533,1958.0
7534,1981.0
7535,1966.0
7536,1956.0
7537,1957.0
7538,1952.0
7539,1946.0
7540,1950.0
7541,1931.0
7542,1948.0
7543,1971.0
7544,1921.0
7545,1953.0
7546,1937.0
7547,1968.0
7548,1953.0
7549,1971.0
7550,1955.0
7551,1962.0
7552,1968.0
7553,1973.0
7554,1960.0
7555,1945.0
7556,1944.0
7557,1947.0
7558,1936.0
7559,1943.0
7560,1955.0
7561,1935.0
7562,1950.0
7563,1949.0
7564,1961.0
7565,1967.0
7566,1982.0
7567,1938.0
7568,1967.0
7569,1966.0
7570,1963.0
7571,1952.0
7572,1938.0
7573,1924.0
7574,1911.0
7575,1935.0
7576,1937.0
7577,1944.0
7578,1946.0
7579,1927.0
7580,1940.0
7581,1925.0
7582,1938.0
7583,1927.0
7584,1934.0
7585,1898.0
7586,1941.0
7587,1929.0
7588,1921.0
7589,1962.0
7590,1969.0
7591,1960.0
7592,1966.0
7593,1961.0
7594,1961.0
7595,1971.0
7596,1973.0
7597,1981.0
7598,1972.0
7599,1981.0
7600,1959.0
7601,1915.0
7602,1927.0
7603,1953.0
7604,1948.0
7605,1930.0
7606,1946.0
7607,1963.0
7608,1979.0
7609,1972.0
7610,1979.0
7611,1968.0
7612,1970.0
7613,1958.0
7614,1954.0
7615,1947.0
7616,1910.0
7617,1946.0
7618,1961.0
7619,1961.0
7620,1949.0
7621,1943.0
7622,1957.0
7623,1956.0
7624,1965.0
7625,1963.0
7626,1953.0
7627,1968.0
7628,1954.0
7629,1941.0
7630,1932.0
7631,1942.0
7632,1949.0
7633,1946.0
7634,1940.0
7635,1907.0
7636,1912.0
7637,1933.0
7638,1926.0
7639,1945.0
7640,1973.0
7641,1953.0
7642,1944.0
7643,1961.0
7644,1944.0
7645,1910.0
7646,1919.0
7647,1932.0
7648,1915.0
7649,1933.0
7650,1905.0
7651,1906.0
7652,1946.0
7653,1947.0
7654,1923.0
7655,1942.0
7656,1952.0
7657,1949.0
7658,1969.0
7659,1968.0
7660,1959.0
7661,1963.0
7662,1960.0
7663,1936.0
7664,1922.0
7665,1935.0
7666,1903.0
7667,1922.0
7668,1909.0
7669,1925.0
7670,1943.0
7671,1953.0
7672,1960.0
7673,1957.0
7674,1961.0
7675,1971.0
7676,1970.0
7677,1947.0
7678,1956.0
7679,1959.0
7680,1960.0
7681,1982.0
7682,1987.0
7683,1974.0
7684,1980.0
7685,1976.0
7686,1974.0
7687,1935.0
7688,1942.0
7689,1925.0
7690,1942.0
7691,1900.0
7692,1905.0
7693,1931.0
7694,1910.0
7695,1941.0
7696,1952.0
7697,1950.0
7698,1948.0
7699,1912.0
7700,1942.0
7701,1950.0
7702,1940.0
7703,1952.0
7704,1981.0
7705,1979.0
7706,1951.0
7707,1959.0
7708,1952.0
7709,1923.0
7710,1908.0
7711,1927.0
7712,1927.0
7713,1944.0
7714,1923.0
7715,1926.0
7716,1919.0
7717,1947.0
7718,1942.0
7719,1919.0
7720,1928.0
7721,1934.0
7722,1958.0
7723,1934.0
7724,1969.0
7725,1964.0
7726,1990.0
7727,1977.0
7728,1966.0
7729,1943.0
7730,1935.0
7731,1920.0
7732,1935.0
7733,1926.0
7734,1927.0
7735,1932.0
7736,1929.0
7737,1927.0
7738,1953.0
7739,1957.0
7740,1946.0
7741,1939.0
7742,1968.0
7743,1958.0
7744,1967.0
7745,1965.0
7746,1962.0
7747,1970.0
7748,1985.0
7749,1990.0
7750,1958.0
7751,1944.0
7752,1959.0
7753,1930.0
7754,1944.0
7755,1947.0
7756,1950.0
7757,1955.0
7758,1965.0
7759,1992.0
7760,1993.0
7761,1988.0
7762,1963.0
7763,1940.0
7764,1950.0
7765,1925.0
7766,1941.0
7767,1927.0
7768,1944.0
7769,1945.0
7770,1920.0
7771,1929.0
7772,1915.0
7773,1915.0
7774,1902.0
7775,1922.0
7776,1921.0
7777,1934.0
7778,1926.0
7779,1942.0
7780,1939.0
7781,1935.0
7782,1947.0
7783,1934.0
7784,1967.0
7785,1964.0
7786,1969.0
7787,1969.0
7788,1963.0
7789,1976.0
7790,1965.0
7791,1980.0
7792,1976.0
7793,1936.0
7794,1926.0
7795,1917.0
7796,1890.0
7797,1920.0
7798,1911.0
7799,1923.0
7800,1932.0
7801,1940.0
7802,1947.0
7803,1954.0
7804,1952.0
7805,1954.0
7806,1967.0
7807,1961.0
7808,1962.0
7809,1949.0
7810,1939.0
7811,1901.0
7812,1929.0
7813,1924.0
7814,1915.0
7815,1938.0
7816,1903.0
7817,1919.0
7818,1929.0
7819,1960.0
7820,1956.0
7821,1958.0
7822,1927.0
7823,1943.0
7824,1958.0
7825,1947.0
7826,1948.0
7827,1954.0
7828,1936.0
7829,1928.0
7830,1939.0
7831,1941.0
7832,1959.0
7833,1945.0
7834,1957.0
7835,1934.0
7836,1954.0
7837,1942.0
7838,1913.0
7839,1924.0
7840,1899.0
7841,1933.0
7842,1947.0
7843,1927.0
7844,1952.0
7845,1941.0
7846,1964.0
7847,1954.0
7848,1934.0
7849,1956.0
7850,1948.0
7851,1934.0
7852,1948.0
7853,1945.0
7854,1953.0
7855,1953.0
7856,1952.0
7857,1932.0
7858,1942.0
7859,1933.0
7860,1951.0
7861,1957.0
7862,1948.0
7863,1947.0
7864,1958.0
7865,1972.0
7866,1916.0
7867,1960.0
7868,1937.0
7869,1924.0
7870,1933.0
7871,1941.0
7872,1931.0
7873,1932.0
7874,1914.0
7875,1919.0
7876,1960.0
7877,1970.0
7878,1968.0
7879,1934.0
7880,1944.0
7881,1932.0
7882,1923.0
7883,1958.0
7884,1946.0
7885,1936.0
7886,1959.0
7887,1952.0
7888,1947.0
7889,1945.0
7890,1935.0
7891,1922.0
7892,1899.0
7893,1904.0
7894,1946.0
7895,1921.0
7896,1945.0
7897,1938.0
7898,1944.0
7899,1943.0
7900,1932.0
7901,1963.0
7902,1940.0
7903,1935.0
7904,1741.0
7905,1941.0
7906,1936.0
7907,1961.0
7908,1962.0
7909,1971.0
7910,1973.0
7911,1972.0
7912,1966.0
7913,1958.0
7914,1963.0
7915,1920.0
7916,1934.0
7917,1940.0
7918,1948.0
7919,1953.0
7920,1972.0
7921,1956.0
7922,1963.0
7923,1963.0
7924,1930.0
7925,1948.0
7926,1948.0
7927,1961.0
7928,1927.0
7929,1946.0
7930,1916.0
7931,1894.0
7932,1906.0
7933,1908.0
7934,1924.0
7935,1940.0
7936,1911.0
7937,1941.0
7938,1935.0
7939,1959.0
7940,1981.0
7941,1985.0
7942,1975.0
7943,1989.0
7944,1973.0
7945,1932.0
7946,1921.0
7947,1938.0
7948,1945.0
7949,1919.0
7950,1923.0
7951,1930.0
7952,1897.0
7953,1896.0
7954,1931.0
7955,1942.0
7956,1955.0
7957,1916.0
7958,1911.0
7959,1886.0
7960,1881.0
7961,1917.0
7962,1958.0
7963,1968.0
7964,1957.0
7965,1968.0
7966,1969.0
7967,1984.0
7968,1982.0
7969,1969.0
7970,1978.0
7971,1968.0
7972,1950.0
7973,1954.0
7974,1954.0
7975,1947.0
7976,1947.0
7977,1932.0
7978,1934.0
7979,1925.0
7980,1952.0
7981,1962.0
7982,1980.0
7983,1994.0
7984,1998.0
7985,1985.0
7986,1972.0
7987,1976.0
7988,1978.0
7989,1966.0
7990,1965.0
7991,1960.0
7992,1947.0
7993,1948.0
7994,1963.0
7995,1941.0
7996,1948.0
7997,1963.0
7998,1973.0
7999,1948.0
8000,1953.0
8001,1947.0
8002,1957.0
8003,1957.0
8004,1948.0
8005,1946.0
8006,1957.0
8007,1948.0
8008,1944.0
8009,1967.0
8010,1958.0
8011,1965.0
8012,1964.0
8013,1987.0
8014,1973.0
8015,1960.0
8016,1963.0
8017,1928.0
8018,1956.0
8019,1946.0
8020,1901.0
8021,1911.0
8022,1897.0
8023,1908.0
8024,1958.0
8025,1932.0
8026,1944.0
8027,1957.0
8028,1952.0
8029,1949.0
8030,1964.0
8031,1969.0
8032,1965.0
8033,1975.0
8034,1963.0
8035,1964.0
8036,1939.0
8037,1912.0
8038,1929.0
8039,1913.0
8040,1901.0
8041,1896.0
8042,1940.0
8043,1949.0
8044,1926.0
8045,1934.0
8046,1966.0
8047,1963.0
8048,1940.0
8049,1960.0
8050,1954.0
8051,1923.0
8052,1937.0
8053,1908.0
8054,1924.0
8055,1928.0
8056,1919.0
8057,1930.0
8058,1939.0
8059,1959.0
8060,1943.0
8061,1950.0
8062,1940.0
8063,1955.0
8064,1936.0
8065,1902.0
8066,1896.0
8067,1897.0
8068,1906.0
8069,1916.0
8070,1948.0
8071,1965.0
8072,1939.0
8073,1956.0
8074,1965.0
8075,1986.0
8076,1972.0
8077,1967.0
8078,1966.0
8079,1920.0
8080,1926.0
8081,1918.0
8082,1887.0
8083,1914.0
8084,1903.0
8085,1900.0
8086,1900.0
8087,1899.0
8088,1906.0
8089,1959.0
8090,1951.0
8091,1956.0
8092,1970.0
8093,1969.0
8094,1976.0
8095,1946.0
8096,1954.0
8097,1952.0
8098,1941.0
8099,1931.0
8100,1927.0
8101,1916.0
8102,1931.0
8103,1936.0
8104,1971.0
8105,1979.0
8106,1979.0
8107,1978.0
8108,1954.0
8109,1955.0
8110,1959.0
8111,1970.0
8112,1961.0
8113,1965.0
8114,1970.0
8115,1978.0
8116,1984.0
8117,1966.0
8118,1979.0
8119,1982.0
8120,1972.0
8121,1959.0
8122,1957.0
8123,1944.0
8124,1935.0
8125,1948.0
8126,1949.0
8127,1939.0
8128,1964.0
8129,1937.0
8130,1945.0
8131,1959.0
8132,1952.0
8133,1966.0
8134,1972.0
8135,1974.0
8136,1969.0
8137,1971.0
8138,1957.0
8139,1942.0
8140,1963.0
8141,1932.0
8142,1942.0
8143,1940.0
8144,1912.0
8145,1898.0
8146,1929.0
8147,1926.0
8148,1955.0
8149,1952.0
8150,1955.0
8151,1967.0
8152,1964.0
8153,1954.0
8154,1947.0
8155,1944.0
8156,1935.0
8157,1923.0
8158,1941.0
8159,1917.0
8160,1929.0
8161,1937.0
8162,1943.0
8163,1972.0
8164,1955.0
8165,1971.0
8166,1954.0
8167,1957.0
8168,1941.0
8169,1946.0
8170,1955.0
8171,1899.0
8172,1934.0
8173,1946.0
8174,1941.0
8175,1928.0
8176,1929.0
8177,1920.0
8178,1951.0
8179,1967.0
8180,1945.0
8181,1966.0
8182,1975.0
8183,1967.0
8184,1964.0
8185,1926.0
8186,1925.0
8187,1919.0
8188,1903.0
8189,1907.0
8190,1897.0
8191,1891.0
8192,1931.0
8193,1948.0
8194,1977.0
8195,1973.0
8196,1956.0
8197,1973.0
8198,1953.0
8199,1959.0
8200,1937.0
8201,1954.0
8202,1939.0
8203,1933.0
8204,1938.0
8205,1931.0
8206,1936.0
8207,1922.0
8208,1901.0
8209,1938.0
8210,1933.0
8211,1960.0
8212,1964.0
8213,1978.0
8214,1964.0
8215,1948.0
8216,1964.0
8217,1928.0
8218,1924.0
8219,1916.0
8220,1912.0
8221,1935.0
8222,1923.0
8223,1920.0
8224,1953.0
8225,1962.0
8226,1976.0
8227,1975.0
8228,1981.0
8229,1991.0
8230,1987.0
8231,1985.0
8232,1937.0
8233,1951.0
8234,1928.0
8235,1954.0
8236,1937.0
8237,1919.0
8238,1935.0
8239,1892.0
8240,1892.0
8241,1913.0
8242,1946.0
8243,1908.0
8244,1939.0
8245,1953.0
8246,1959.0
8247,1949.0
8248,1957.0
8249,1963.0
8250,1951.0
8251,1950.0
8252,1944.0
8253,1957.0
8254,1983.0
8255,1983.0
8256,1988.0
8257,1994.0
8258,1982.0
8259,1953.0
8260,1917.0
8261,1936.0
8262,1920.0
8263,1914.0
8264,1916.0
8265,1923.0
8266,1934.0
8267,1963.0
8268,1961.0
8269,1965.0
8270,1965.0
8271,1967.0
8272,1964.0
8273,1944.0
8274,1925.0
8275,1913.0
8276,1948.0
8277,1949.0
8278,1979.0
8279,1946.0
8280,1924.0
8281,1924.0
8282,1922.0
8283,1921.0
8284,1905.0
8285,1892.0
8286,1756.0
8287,1900.0
8288,1933.0
8289,1952.0
8290,1947.0
8291,1924.0
8292,1944.0
8293,1933.0
8294,1951.0
8295,1942.0
8296,1929.0
8297,1847.0
8298,1939.0
8299,1956.0
8300,1919.0
8301,1917.0
8302,1915.0
8303,1917.0
8304,1940.0
8305,1921.0
8306,1930.0
8307,1939.0
8308,1930.0
8309,1942.0
8310,1927.0
8311,1949.0
8312,1931.0
8313,1951.0
8314,1946.0
8315,1944.0
8316,1953.0
8317,1962.0
8318,1982.0
8319,1963.0
8320,1965.0
8321,1978.0
8322,1959.0
8323,1919.0
8324,1893.0
8325,1906.0
8326,1901.0
8327,1901.0
8328,1927.0
8329,1911.0
8330,1747.0
8331,1912.0
8332,1942.0
8333,1973.0
8334,1964.0
8335,1951.0
8336,1920.0
8337,1956.0
8338,1944.0
8339,1946.0
8340,1937.0
8341,1959.0
8342,1969.0
8343,1947.0
8344,1951.0
8345,1919.0
8346,1948.0
8347,1931.0
8348,1919.0
8349,1957.0
8350,1931.0
8351,1945.0
8352,1925.0
8353,1933.0
8354,1925.0
8355,1946.0
8356,1952.0
8357,1958.0
8358,1953.0
8359,1948.0
8360,1964.0
8361,1950.0
8362,1971.0
8363,1964.0
8364,1933.0
8365,1946.0
8366,1942.0
8367,1916.0
8368,1929.0
8369,1937.0
8370,1919.0
8371,1900.0
8372,1929.0
8373,1922.0
8374,1957.0
8375,1938.0
8376,1933.0
8377,1935.0
8378,1933.0
8379,1876.0
8380,1904.0
8381,1894.0
8382,1942.0
8383,1938.0
8384,1933.0
8385,1951.0
8386,1919.0
8387,1898.0
8388,1939.0
8389,1952.0
8390,1953.0
8391,1970.0
8392,1945.0
8393,1950.0
8394,1946.0
8395,1943.0
8396,1951.0
8397,1957.0
8398,1966.0
8399,1970.0
8400,1943.0
8401,1941.0
8402,1926.0
8403,1947.0
8404,1955.0
8405,1973.0
8406,1970.0
8407,1966.0
8408,1933.0
8409,1922.0
8410,1931.0
8411,1946.0
8412,1945.0
8413,1940.0
8414,1930.0
8415,1922.0
8416,1941.0
8417,1948.0
8418,1974.0
8419,1949.0
8420,1971.0
8421,1941.0
8422,1939.0
8423,1952.0
8424,1948.0
8425,1939.0
8426,1953.0
8427,1972.0
8428,1965.0
8429,1945.0
8430,1912.0
8431,1901.0
8432,1907.0
8433,1904.0
8434,1894.0
8435,1898.0
8436,1931.0
8437,1939.0
8438,1931.0
8439,1952.0
8440,1965.0
8441,1939.0
8442,1954.0
8443,1944.0
8444,1955.0
8445,1943.0
8446,1949.0
8447,1958.0
8448,1962.0
8449,1940.0
8450,1956.0
8451,1933.0
8452,1939.0
8453,1936.0
8454,1921.0
8455,1903.0
8456,1925.0
8457,1932.0
8458,1926.0
8459,1939.0
8460,1951.0
8461,1939.0
8462,1923.0
8463,1947.0
8464,1941.0
8465,1950.0
8466,1960.0
8467,1953.0
8468,1977.0
8469,1953.0
8470,1966.0
8471,1962.0
8472,1970.0
8473,1942.0
8474,1926.0
8475,1911.0
8476,1922.0
8477,1932.0
8478,1934.0
8479,1935.0
8480,1964.0
8481,1992.0
8482,1969.0
8483,1961.0
8484,1958.0
8485,1959.0
8486,1956.0
8487,1935.0
8488,1942.0
8489,1930.0
8490,1929.0
8491,1948.0
8492,1944.0
8493,1945.0
8494,1945.0
8495,1921.0
8496,1885.0
8497,1933.0
8498,1917.0
8499,1928.0
8500,1944.0
8501,1927.0
8502,1949.0
8503,1922.0
8504,1970.0
8505,1950.0
8506,1967.0
8507,1968.0
8508,1966.0
8509,1937.0
8510,1902.0
8511,1925.0
8512,1956.0
8513,1942.0
8514,1940.0
8515,1938.0
8516,1947.0
8517,1947.0
8518,1961.0
8519,1959.0
8520,1946.0
8521,1937.0
8522,1965.0
8523,1969.0
8524,1967.0
8525,1945.0
8526,1954.0
8527,1943.0
8528,1953.0
8529,1933.0
8530,1947.0
8531,1947.0
8532,1964.0
8533,1955.0
8534,1975.0
8535,1976.0
8536,1969.0
8537,1960.0
8538,1956.0
8539,1976.0
8540,1972.0
8541,1948.0
8542,1956.0
8543,1966.0
8544,1958.0
8545,1966.0
8546,1959.0
8547,1953.0
8548,1968.0
8549,1960.0
8550,1968.0
8551,1968.0
8552,1957.0
8553,1978.0
8554,1973.0
8555,1961.0
8556,1973.0
8557,1962.0
8558,1963.0
8559,1929.0
8560,1919.0
8561,1942.0
8562,1931.0
8563,1940.0
8564,1948.0
8565,1949.0
8566,1966.0
8567,1964.0
8568,1963.0
8569,1943.0
8570,1948.0
8571,1922.0
8572,1927.0
8573,1923.0
8574,1941.0
8575,1914.0
8576,1932.0
8577,1926.0
8578,1942.0
8579,1930.0
8580,1962.0
8581,1950.0
8582,1963.0
8583,1978.0
8584,1968.0
8585,1973.0
8586,1969.0
8587,1954.0
8588,1954.0
8589,1926.0
8590,1936.0
8591,1920.0
8592,1912.0
8593,1920.0
8594,1938.0
8595,1959.0
8596,1925.0
8597,1961.0
8598,1973.0
8599,1969.0
8600,1978.0
8601,1970.0
8602,1972.0
8603,1988.0
8604,1986.0
8605,1975.0
8606,1963.0
8607,1977.0
8608,1942.0
8609,1954.0
8610,1926.0
8611,1931.0
8612,1913.0
8613,1946.0
8614,1915.0
8615,1934.0
8616,1938.0
8617,1922.0
8618,1942.0
8619,1946.0
8620,1939.0
8621,1942.0
8622,1926.0
8623,1959.0
8624,1943.0
8625,1957.0
8626,1966.0
8627,1975.0
8628,1983.0
8629,1992.0
8630,1971.0
8631,1970.0
8632,1951.0
8633,1918.0
8634,1913.0
8635,1885.0
8636,1895.0
8637,1934.0
8638,1922.0
8639,1922.0
8640,1936.0
8641,1931.0
8642,1956.0
8643,1946.0
8644,1976.0
8645,1983.0
8646,1960.0
8647,1957.0
8648,1967.0
8649,1933.0
8650,1962.0
8651,1936.0
8652,1936.0
8653,1919.0
8654,1902.0
8655,1885.0
8656,1911.0
8657,1900.0
8658,1897.0
8659,1962.0
8660,1963.0
8661,1969.0
8662,1986.0
8663,1978.0
8664,1971.0
8665,1978.0
8666,1973.0
8667,1957.0
8668,1965.0
8669,1963.0
8670,1967.0
8671,1960.0
8672,1967.0
8673,1960.0
8674,1954.0
8675,1962.0
8676,1964.0
8677,1976.0
8678,1965.0
8679,1938.0
8680,1945.0
8681,1956.0
8682,1942.0
8683,1956.0
8684,1972.0
8685,1924.0
8686,1920.0
8687,1917.0
8688,1908.0
8689,1923.0
8690,1896.0
8691,1943.0
8692,1963.0
8693,1960.0
8694,1924.0
8695,1918.0
8696,1922.0
8697,1919.0
8698,1940.0
8699,1910.0
8700,1918.0
8701,1898.0
8702,1882.0
8703,1902.0
8704,1942.0
8705,1936.0
8706,1954.0
8707,1956.0
8708,1970.0
8709,1933.0
8710,1920.0
8711,1905.0
8712,1910.0
8713,1900.0
8714,1917.0
8715,1934.0
8716,1933.0
8717,1935.0
8718,1945.0
8719,1957.0
8720,1967.0
8721,1965.0
8722,1959.0
8723,1950.0
8724,1938.0
8725,1955.0
8726,1948.0
8727,1944.0
8728,1953.0
8729,1960.0
8730,1952.0
8731,1963.0
8732,1945.0
8733,1952.0
8734,1969.0
8735,1982.0
8736,1968.0
8737,1952.0
8738,1966.0
8739,1960.0
8740,1889.0
8741,1921.0
8742,1934.0
8743,1873.0
8744,1904.0
8745,1880.0
8746,1917.0
8747,1924.0
8748,1911.0
8749,1933.0
8750,1958.0
8751,1966.0
8752,1955.0
8753,1960.0
8754,1962.0
8755,1973.0
8756,1927.0
8757,1934.0
8758,1945.0
8759,1909.0
8760,1924.0
8761,1909.0
8762,1915.0
8763,1923.0
8764,1932.0
8765,1921.0
8766,1922.0
8767,1944.0
8768,1974.0
8769,1957.0
8770,1951.0
8771,1944.0
8772,1944.0
8773,1912.0
8774,1878.0
8775,1924.0
8776,1906.0
8777,1911.0
8778,1943.0
8779,1942.0
8780,1940.0
8781,1934.0
8782,1902.0
8783,1943.0
8784,1937.0
8785,1940.0
8786,1943.0
8787,1974.0
8788,1950.0
8789,1979.0
8790,1966.0
8791,1954.0
8792,1929.0
8793,1948.0
8794,1942.0
8795,1951.0
8796,1960.0
8797,1959.0
8798,1951.0
8799,1925.0
8800,1964.0
8801,1948.0
8802,1968.0
8803,1948.0
8804,1946.0
8805,1960.0
8806,1950.0
8807,1928.0
8808,1935.0
8809,1940.0
8810,1951.0
8811,1951.0
8812,1935.0
8813,1950.0
8814,1957.0
8815,1942.0
8816,1959.0
8817,1958.0
8818,1944.0
8819,1928.0
8820,1946.0
8821,1920.0
8822,1926.0
8823,1900.0
8824,1928.0
8825,1929.0
8826,1950.0
8827,1937.0
8828,1951.0
8829,1968.0
8830,1971.0
8831,1981.0
8832,1975.0
8833,1955.0
8834,1947.0
8835,1947.0
8836,1957.0
8837,1953.0
8838,1954.0
8839,1939.0
8840,1957.0
8841,1952.0
8842,1951.0
8843,1957.0
8844,1972.0
8845,1957.0
8846,1948.0
8847,1947.0
8848,1944.0
8849,1934.0
8850,1932.0
8851,1936.0
8852,1930.0
8853,1925.0
8854,1921.0
8855,1932.0
8856,1953.0
8857,1954.0
8858,1947.0
8859,1963.0
8860,1974.0
8861,1971.0
8862,1961.0
8863,1972.0
8864,1971.0
8865,1957.0
8866,1950.0
8867,1943.0
8868,1957.0
8869,1970.0
8870,1964.0
8871,1939.0
8872,1959.0
8873,1965.0
8874,1979.0
8875,1960.0
8876,1931.0
8877,1954.0
8878,1952.0
8879,1959.0
8880,1935.0
8881,1943.0
8882,1940.0
8883,1927.0
8884,1940.0
8885,1926.0
8886,1942.0
8887,1933.0
8888,1946.0
8889,1952.0
8890,1941.0
8891,1932.0
8892,1937.0
8893,1940.0
8894,1967.0
8895,1939.0
8896,1949.0
8897,1914.0
8898,1941.0
8899,1915.0
8900,1940.0
8901,1938.0
8902,1938.0
8903,1936.0
8904,1942.0
8905,1953.0
8906,1916.0
8907,1934.0
8908,1940.0
8909,1957.0
8910,1932.0
8911,1946.0
8912,1948.0
8913,1957.0
8914,1974.0
8915,1985.0
8916,1973.0
8917,1993.0
8918,1971.0
8919,1956.0
8920,1935.0
8921,1953.0
8922,1939.0
8923,1935.0
8924,1911.0
8925,1930.0
8926,1925.0
8927,1941.0
8928,1948.0
8929,1944.0
8930,1951.0
8931,1934.0
8932,1949.0
8933,1969.0
8934,1936.0
8935,1941.0
8936,1978.0
8937,1975.0
8938,1960.0
8939,1942.0
8940,1942.0
8941,1931.0
8942,1924.0
8943,1929.0
8944,1917.0
8945,1944.0
8946,1931.0
8947,1911.0
8948,1937.0
8949,1945.0
8950,1966.0
8951,1967.0
8952,1964.0
8953,1960.0
8954,1970.0
8955,1961.0
8956,1936.0
8957,1927.0
8958,1897.0
8959,1932.0
8960,1904.0
8961,1937.0
8962,1912.0
8963,1883.0
8964,1895.0
8965,1897.0
8966,1936.0
8967,1945.0
8968,1934.0
8969,1950.0
8970,1978.0
8971,1976.0
8972,1975.0
8973,1942.0
8974,1963.0
8975,1934.0
8976,1939.0
8977,1955.0
8978,1945.0
8979,1950.0
8980,1934.0
8981,1927.0
8982,1915.0
8983,1914.0
8984,1931.0
8985,1924.0
8986,1927.0
8987,1919.0
8988,1931.0
8989,1934.0
8990,1936.0
8991,1974.0
8992,1969.0
8993,1967.0
8994,1967.0
8995,1967.0
8996,1968.0
8997,1959.0
8998,1935.0
8999,1960.0
9000,1940.0
9001,1935.0
9002,1939.0
9003,1934.0
9004,1935.0
9005,1934.0
9006,1933.0
9007,1921.0
9008,1933.0
9009,1926.0
9010,1934.0
9011,1925.0
9012,1939.0
9013,1954.0
9014,1919.0
9015,1936.0
9016,1946.0
9017,1958.0
9018,1959.0
9019,1952.0
9020,1921.0
9021,1968.0
9022,1961.0
9023,1943.0
9024,1927.0
9025,1942.0
9026,1968.0
9027,1952.0
9028,1954.0
9029,1961.0
9030,1959.0
9031,1957.0
9032,1956.0
9033,1928.0
9034,1947.0
9035,1913.0
9036,1925.0
9037,1914.0
9038,1944.0
9039,1934.0
9040,1949.0
9041,1959.0
9042,1961.0
9043,1959.0
9044,1980.0
9045,1945.0
9046,1953.0
9047,1935.0
9048,1946.0
9049,1972.0
9050,1977.0
9051,1981.0
9052,1976.0
9053,1980.0
9054,1970.0
9055,1957.0
9056,1958.0
9057,1964.0
9058,1959.0
9059,1966.0
9060,1951.0
9061,1956.0
9062,1935.0
9063,1934.0
9064,1950.0
9065,1936.0
9066,1961.0
9067,1922.0
9068,1918.0
9069,1917.0
9070,1925.0
9071,1926.0
9072,1933.0
9073,1965.0
9074,1959.0
9075,1969.0
9076,1961.0
9077,1941.0
9078,1948.0
9079,1951.0
9080,1917.0
9081,1899.0
9082,1943.0
9083,1951.0
9084,1932.0
9085,1928.0
9086,1958.0
9087,1967.0
9088,1947.0
9089,1944.0
9090,1954.0
9091,1930.0
9092,1961.0
9093,1929.0
9094,1950.0
9095,1932.0
9096,1920.0
9097,1911.0
9098,1938.0
9099,1933.0
9100,1944.0
9101,1944.0
9102,1954.0
9103,1943.0
9104,1969.0
9105,1961.0
9106,1946.0
9107,1950.0
9108,1959.0
9109,1982.0
9110,1961.0
9111,1944.0
9112,1953.0
9113,1958.0
9114,1946.0
9115,1938.0
9116,1971.0
9117,1974.0
9118,1974.0
9119,1969.0
9120,1973.0
9121,1975.0
9122,1952.0
9123,1957.0
9124,1960.0
9125,1960.0
9126,1943.0
9127,1968.0
9128,1945.0
9129,1947.0
9130,1946.0
9131,1942.0
9132,1907.0
9133,1943.0
9134,1939.0
9135,1925.0
9136,1940.0
9137,1954.0
9138,1937.0
9139,1973.0
9140,1968.0
9141,1943.0
9142,1907.0
9143,1923.0
9144,1917.0
9145,1955.0
9146,1935.0
9147,1954.0
9148,1957.0
9149,1949.0
9150,1930.0
9151,1942.0
9152,1961.0
9153,1944.0
9154,1967.0
9155,1950.0
9156,1955.0
9157,1956.0
9158,1955.0
9159,1963.0
9160,1948.0
9161,1934.0
9162,1899.0
9163,1917.0
9164,1921.0
9165,1933.0
9166,1947.0
9167,1949.0
9168,1944.0
9169,1943.0
9170,1958.0
9171,1892.0
9172,1952.0
9173,1970.0
9174,1939.0
9175,1943.0
9176,1942.0
9177,1928.0
9178,1951.0
9179,1958.0
9180,1964.0
9181,1948.0
9182,1978.0
9183,1917.0
9184,1933.0
9185,1933.0
9186,1912.0
9187,1923.0
9188,1920.0
9189,1922.0
9190,1922.0
9191,1935.0
9192,1963.0
9193,1973.0
9194,1970.0
9195,1946.0
9196,1936.0
9197,1950.0
9198,1932.0
9199,1930.0
9200,1913.0
9201,1936.0
9202,1933.0
9203,1931.0
9204,1898.0
9205,1910.0
9206,1921.0
9207,1915.0
9208,1932.0
9209,1949.0
9210,1924.0
9211,1961.0
9212,1960.0
9213,1947.0
9214,1954.0
9215,1962.0
9216,1949.0
9217,1929.0
9218,1911.0
9219,1915.0
9220,1890.0
9221,1899.0
9222,1895.0
9223,1913.0
9224,1935.0
9225,1952.0
9226,1894.0
9227,1937.0
9228,1965.0
9229,1928.0
9230,1923.0
9231,1925.0
9232,1943.0
9233,1942.0
9234,1907.0
9235,1923.0
9236,1910.0
9237,1931.0
9238,1932.0
9239,1935.0
9240,1952.0
9241,1950.0
9242,1930.0
9243,1948.0
9244,1975.0
9245,1981.0
9246,1974.0
9247,1973.0
9248,1958.0
9249,1946.0
9250,1936.0
9251,1939.0
9252,1936.0
9253,1912.0
9254,1948.0
9255,1942.0
9256,1940.0
9257,1940.0
9258,1931.0
9259,1977.0
9260,1974.0
9261,1971.0
9262,1973.0
9263,1971.0
9264,1950.0
9265,1954.0
9266,1949.0
9267,1885.0
9268,1951.0
9269,1933.0
9270,1941.0
9271,1939.0
9272,1922.0
9273,1936.0
9274,1951.0
9275,1963.0
9276,1954.0
9277,1986.0
9278,1969.0
9279,1960.0
9280,1957.0
9281,1939.0
9282,1927.0
9283,1934.0
9284,1950.0
9285,1944.0
9286,1961.0
9287,1967.0
9288,1960.0
9289,1940.0
9290,1949.0
9291,1948.0
9292,1931.0
9293,1939.0
9294,1931.0
9295,1909.0
9296,1895.0
9297,1900.0
9298,1867.0
9299,1929.0
9300,1918.0
9301,1957.0
9302,1915.0
9303,1953.0
9304,1973.0
9305,1960.0
9306,1966.0
9307,1965.0
9308,1972.0
9309,1973.0
9310,1947.0
9311,1947.0
9312,1956.0
9313,1930.0
9314,1950.0
9315,1918.0
9316,1950.0
9317,1923.0
9318,1929.0
9319,1970.0
9320,1970.0
9321,1941.0
9322,1935.0
9323,1971.0
9324,1956.0
9325,1954.0
9326,1947.0
9327,1936.0
9328,1935.0
9329,1955.0
9330,1966.0
9331,1956.0
9332,1940.0
9333,1937.0
9334,1923.0
9335,1932.0
9336,1942.0
9337,1937.0
9338,1958.0
9339,1946.0
9340,1961.0
9341,1952.0
9342,1980.0
9343,1957.0
9344,1936.0
9345,1943.0
9346,1940.0
9347,1947.0
9348,1894.0
9349,1923.0
9350,1864.0
9351,1941.0
9352,1957.0
9353,1955.0
9354,1958.0
9355,1961.0
9356,1962.0
9357,1933.0
9358,1960.0
9359,1976.0
9360,1973.0
9361,1956.0
9362,1950.0
9363,1894.0
9364,1929.0
9365,1914.0
9366,1910.0
9367,1912.0
9368,1917.0
9369,1876.0
9370,1922.0
9371,1929.0
9372,1920.0
9373,1969.0
9374,1983.0
9375,1970.0
9376,1971.0
9377,1968.0
9378,1965.0
9379,1916.0
9380,1958.0
9381,1944.0
9382,1955.0
9383,1959.0
9384,1954.0
9385,1942.0
9386,1961.0
9387,1919.0
9388,1933.0
9389,1941.0
9390,1952.0
9391,1947.0
9392,1961.0
9393,1970.0
9394,1980.0
9395,1972.0
9396,1964.0
9397,1975.0
9398,1950.0
9399,1963.0
9400,1957.0
9401,1940.0
9402,1943.0
9403,1935.0
9404,1939.0
9405,1923.0
9406,1893.0
9407,1919.0
9408,1910.0
9409,1916.0
9410,1931.0
9411,1920.0
9412,1920.0
9413,1949.0
9414,1935.0
9415,1957.0
9416,1932.0
9417,1908.0
9418,1934.0
9419,1923.0
9420,1927.0
9421,1927.0
9422,1942.0
9423,1930.0
9424,1952.0
9425,1955.0
9426,1949.0
9427,1960.0
9428,1998.0
9429,1965.0
9430,1951.0
9431,1937.0
9432,1942.0
9433,1941.0
9434,1942.0
9435,1957.0
9436,1940.0
9437,1953.0
9438,1953.0
9439,1957.0
9440,1955.0
9441,1959.0
9442,1950.0
9443,1952.0
9444,1945.0
9445,1944.0
9446,1952.0
9447,1956.0
9448,1954.0
9449,1928.0
9450,1952.0
9451,1941.0
9452,1909.0
9453,1906.0
9454,1907.0
9455,1925.0
9456,1911.0
9457,1911.0
9458,1909.0
9459,1931.0
9460,1936.0
9461,1921.0
9462,1939.0
9463,1935.0
9464,1962.0
9465,1967.0
9466,1962.0
9467,1963.0
9468,1968.0
9469,1959.0
9470,1949.0
9471,1958.0
9472,1953.0
9473,1950.0
9474,1944.0
9475,1937.0
9476,1931.0
9477,1913.0
9478,1933.0
9479,1963.0
9480,1961.0
9481,1954.0
9482,1976.0
9483,1974.0
9484,1953.0
9485,1969.0
9486,1947.0
9487,1956.0
9488,1953.0
9489,1937.0
9490,1949.0
9491,1890.0
9492,1928.0
9493,1902.0
9494,1924.0
9495,1901.0
9496,1923.0
9497,1931.0
9498,1919.0
9499,1934.0
9500,32.0
9501,1806.0
9502,1861.0
9503,1835.0
9504,56.0
9505,1636.0
9506,1899.0
9507,1744.0
9508,1797.0
9509,11.0
9510,1732.0
9511,16.0
9512,0.0
9513,1732.0
9514,1934.0
9515,1812.0
9516,1872.0
9517,1867.0
9518,1903.0
9519,1897.0
9520,1832.0
9521,1852.0
9522,1807.0
9523,1922.0
9524,1898.0
9525,1836.0
9526,1881.0
9527,1819.0
9528,1789.0
9529,1813.0
9530,1846.0
9531,1812.0
9532,1903.0
9533,1892.0
9534,1927.0
9535,1941.0
9536,1933.0
9537,1944.0
9538,1953.0
9539,1965.0
9540,1946.0
9541,1941.0
9542,1915.0
9543,1938.0
9544,1935.0
9545,1916.0
9546,1920.0
9547,1938.0
9548,1867.0
9549,1919.0
9550,1923.0
9551,1915.0
9552,1947.0
9553,1915.0
9554,1899.0
9555,1854.0
9556,1840.0
9557,1927.0
9558,1936.0
9559,1929.0
9560,1950.0
9561,1908.0
9562,1941.0
9563,1945.0
9564,1920.0
9565,1959.0
9566,1965.0
9567,1957.0
9568,1954.0
9569,1947.0
9570,1951.0
9571,1946.0
9572,1962.0
9573,1964.0
9574,1963.0
9575,1942.0
9576,1975.0
9577,1957.0
9578,1950.0
9579,1943.0
9580,1945.0
9581,1955.0
9582,1915.0
9583,1921.0
9584,1936.0
9585,1924.0
9586,1950.0
9587,1907.0
9588,1909.0
9589,1966.0
9590,1939.0
9591,1899.0
9592,1926.0
9593,1903.0
9594,1930.0
9595,1926.0
9596,1949.0
9597,1946.0
9598,1938.0
9599,1940.0
9600,1940.0
9601,1903.0
9602,1923.0
9603,1911.0
9604,1902.0
9605,1927.0
9606,1902.0
9607,1919.0
9608,1932.0
9609,1910.0
9610,1898.0
9611,1906.0
9612,1908.0
9613,1947.0
9614,1962.0
9615,1968.0
9616,1973.0
9617,1980.0
9618,1972.0
9619,1967.0
9620,1951.0
9621,1927.0
9622,1926.0
9623,1934.0
9624,1905.0
9625,1917.0
9626,1937.0
9627,1914.0
9628,1906.0
9629,1921.0
9630,1949.0
9631,1987.0
9632,1975.0
9633,1968.0
9634,1977.0
9635,1967.0
9636,1954.0
9637,1931.0
9638,1935.0
9639,1924.0
9640,1930.0
9641,1906.0
9642,1932.0
9643,1917.0
9644,1937.0
9645,1890.0
9646,1931.0
9647,1954.0
9648,1933.0
9649,1958.0
9650,1943.0
9651,1914.0
9652,1947.0
9653,1921.0
9654,1918.0
9655,1907.0
9656,1918.0
9657,1944.0
9658,1916.0
9659,1939.0
9660,1930.0
9661,1938.0
9662,1934.0
9663,1933.0
9664,1959.0
9665,1969.0
9666,1968.0
9667,1967.0
9668,1962.0
9669,1952.0
9670,1930.0
9671,1892.0
9672,1899.0
9673,1930.0
9674,1928.0
9675,1915.0
9676,1921.0
9677,1906.0
9678,1928.0
9679,1958.0
9680,1970.0
9681,1974.0
9682,1962.0
9683,1957.0
9684,1959.0
9685,1952.0
9686,1947.0
9687,1942.0
9688,1933.0
9689,1921.0
9690,1946.0
9691,1949.0
9692,1938.0
9693,1926.0
9694,1932.0
9695,1950.0
9696,1963.0
9697,1959.0
9698,1960.0
9699,1950.0
9700,1978.0
9701,1964.0
9702,1960.0
9703,1957.0
9704,1981.0
9705,1974.0
9706,1949.0
9707,1937.0
9708,1959.0
9709,1974.0
9710,1963.0
9711,1980.0
9712,1967.0
9713,1950.0
9714,1956.0
9715,1938.0
9716,1932.0
9717,1939.0
9718,1952.0
9719,1950.0
9720,1914.0
9721,1918.0
9722,1926.0
9723,1945.0
9724,1966.0
9725,1962.0
9726,1925.0
9727,1935.0
9728,1942.0
9729,1934.0
9730,1906.0
9731,1929.0
9732,1923.0
9733,1907.0
9734,1947.0
9735,1931.0
9736,1892.0
9737,1948.0
9738,1925.0
9739,1957.0
9740,1923.0
9741,1913.0
9742,1936.0
9743,1941.0
9744,1938.0
9745,1950.0
9746,1921.0
9747,1946.0
9748,1930.0
9749,1959.0
9750,1965.0
9751,1943.0
9752,1944.0
9753,1958.0
9754,1948.0
9755,1973.0
9756,1914.0
9757,1925.0
9758,1933.0
9759,1921.0
9760,1910.0
9761,1933.0
9762,1918.0
9763,1938.0
9764,1933.0
9765,1962.0
9766,1949.0
9767,1952.0
9768,1963.0
9769,1975.0
9770,1978.0
9771,1984.0
9772,1975.0
9773,1971.0
9774,1960.0
9775,1963.0
9776,1946.0
9777,1944.0
9778,1926.0
9779,1927.0
9780,1905.0
9781,1946.0
9782,1917.0
9783,1928.0
9784,1897.0
9785,1900.0
9786,1939.0
9787,1948.0
9788,1937.0
9789,1923.0
9790,1901.0
9791,1931.0
9792,1930.0
9793,1934.0
9794,1952.0
9795,1949.0
9796,1984.0
9797,1982.0
9798,1959.0
9799,1980.0
9800,1954.0
9801,1949.0
9802,1957.0
9803,1954.0
9804,1941.0
9805,1940.0
9806,1954.0
9807,1916.0
9808,1942.0
9809,1934.0
9810,1925.0
9811,1934.0
9812,1929.0
9813,1919.0
9814,1981.0
9815,1960.0
9816,1962.0
9817,1971.0
9818,1967.0
9819,1950.0
9820,1926.0
9821,1892.0
9822,1932.0
9823,1932.0
9824,1913.0
9825,1958.0
9826,1947.0
9827,1950.0
9828,1958.0
9829,1974.0
9830,1987.0
9831,1997.0
9832,1985.0
9833,1975.0
9834,1968.0
9835,1967.0
9836,1965.0
9837,1948.0
9838,1949.0
9839,1950.0
9840,1959.0
9841,1956.0
9842,1966.0
9843,1957.0
9844,1977.0
9845,1957.0
9846,1956.0
9847,1977.0
9848,1979.0
9849,1965.0
9850,1974.0
9851,1987.0
9852,1975.0
9853,1962.0
9854,1957.0
9855,1964.0
9856,1953.0
9857,1943.0
9858,1934.0
9859,1943.0
9860,1960.0
9861,1948.0
9862,1950.0
9863,1956.0
9864,1918.0
9865,1918.0
9866,1920.0
9867,1919.0
9868,1913.0
9869,1943.0
9870,1950.0
9871,1945.0
9872,1965.0
9873,1952.0
9874,1967.0
9875,1938.0
9876,1940.0
9877,1951.0
9878,1949.0
9879,1944.0
9880,1913.0
9881,1955.0
9882,1928.0
9883,1906.0
9884,1920.0
9885,1929.0
9886,1948.0
9887,1949.0
9888,1932.0
9889,1942.0
9890,1944.0
9891,1964.0
9892,1968.0
9893,1961.0
9894,1937.0
9895,1922.0
9896,1926.0
9897,1937.0
9898,1910.0
9899,1912.0
9900,1914.0
9901,1946.0
9902,1950.0
9903,1962.0
9904,1969.0
9905,1966.0
9906,1969.0
9907,1971.0
9908,1962.0
9909,1962.0
9910,1964.0
9911,1950.0
9912,1959.0
9913,1949.0
9914,1947.0
9915,1926.0
9916,1923.0
9917,1921.0
9918,1936.0
9919,1938.0
9920,1918.0
9921,1940.0
9922,1959.0
9923,1951.0
9924,1968.0
9925,1965.0
9926,1971.0
9927,1953.0
9928,1941.0
9929,1954.0
9930,1944.0
9931,1944.0
9932,1944.0
9933,1937.0
9934,1973.0
9935,1953.0
9936,1949.0
9937,1938.0
9938,1943.0
9939,1950.0
9940,1959.0
9941,1967.0
9942,1964.0
9943,1963.0
9944,1937.0
9945,1944.0
9946,1949.0
9947,1946.0
9948,1931.0
9949,1942.0
9950,1937.0
9951,1933.0
9952,1953.0
9953,1936.0
9954,1922.0
9955,1947.0
9956,1954.0
9957,1942.0
9958,1943.0
9959,1957.0
9960,1961.0
9961,1968.0
9962,1966.0
9963,1945.0
9964,1964.0
9965,1978.0
9966,1971.0
9967,1972.0
9968,1967.0
9969,1951.0
9970,1952.0
9971,1939.0
9972,1945.0
9973,1924.0
9974,1941.0
9975,1938.0
9976,1931.0
9977,1953.0
9978,1928.0
9979,1920.0
9980,1859.0
9981,1926.0
9982,1921.0
9983,1910.0
9984,1917.0
9985,1931.0
9986,1928.0
9987,1944.0
9988,1946.0
9989,1952.0
9990,1932.0
9991,1921.0
9992,1950.0
9993,1952.0
9994,1959.0
9995,1943.0
9996,1962.0
9997,1962.0
9998,1962.0
9999,1967.0
